0.04052016584998115
0.04070863173765549
0.040897097625329816
0.041085563513004145
0.04127402940067848
0.04146249528835281
0.04165096117602714
0.04183942706370147
0.0420278929513758
0.04221635883905013
0.042404824726724466
0.042593290614398795
0.04278175650207312
0.04297022238974746
0.04315868827742179
0.043347154165096116
0.04353562005277045
0.04372408594044478
0.04391255182811911
0.044101017715793445
0.04428948360346777
0.0444779494911421
0.04466641537881644
0.044854881266490766
0.045043347154165095
0.04523181304183943
0.04542027892951376
0.04560874481718809
0.04579721070486242
0.04598567659253675
0.04617414248021108
0.046362608367885416
0.046551074255559745
0.04673954014323407
0.0469280060309084
0.04711647191858274
0.047304937806257066
0.047493403693931395
0.04768186958160573
0.04787033546928006
0.04805880135695439
0.04824726724462872
0.04843573313230305
0.04862419901997738
0.048812664907651716
0.049001130795326045
0.049189596683000374
0.04937806257067471
0.04956652845834904
0.049754994346023367
0.0499434602336977
0.05013192612137203
0.05032039200904636
0.050508857896720695
0.050697323784395024
0.05088578967206935
0.05107425555974369
0.051262721447418017
0.051451187335092345
0.05163965322276668
0.05182811911044101
0.05201658499811534
0.052205050885789674
0.052393516773464
0.05258198266113833
0.052770448548812667
0.052958914436486995
0.053147380324161324
0.05333584621183566
0.05352431209950999
0.05371277798718432
0.05390124387485865
0.05408970976253298
0.05427817565020731
0.054466641537881645
0.054655107425555974
0.0548435733132303
0.05503203920090464
0.05522050508857897
0.055408970976253295
0.05559743686392763
0.05578590275160196
0.05597436863927629
0.056162834526950624
0.05635130041462495
0.05653976630229928
0.05672823218997362
0.056916698077647945
0.057105163965322274
0.05729362985299661
0.05748209574067094
0.05767056162834527
0.0578590275160196
0.05804749340369393
0.05823595929136826
0.058424425179042595
0.058612891066716924
0.05880135695439125
0.05898982284206559
0.05917828872973992
0.059366754617414245
0.05955522050508858
0.05974368639276291
0.05993215228043724
0.060120618168111574
0.0603090840557859
0.06049754994346023
0.06068601583113457
0.060874481718808895
0.061062947606483224
0.06125141349415756
0.06143987938183189
0.06162834526950622
0.06181681115718055
0.06200527704485488
0.06219374293252921
0.062382208820203545
0.06257067470787787
0.06275914059555221
0.06294760648322653
0.06313607237090087
0.0633245382585752
0.06351300414624952
0.06370147003392386
0.0638899359215982
0.06407840180927252
0.06426686769694685
0.06445533358462119
0.06464379947229551
0.06483226535996985
0.06502073124764418
0.0652091971353185
0.06539766302299284
0.06558612891066717
0.0657745947983415
0.06596306068601583
0.06615152657369017
0.06633999246136449
0.06652845834903882
0.06671692423671316
0.06690539012438748
0.06709385601206182
0.06728232189973615
0.06747078778741047
0.06765925367508481
0.06784771956275915
0.06803618545043347
0.0682246513381078
0.06841311722578214
0.06860158311345646
0.0687900490011308
0.06897851488880513
0.06916698077647945
0.06935544666415379
0.06954391255182812
0.06973237843950245
0.06992084432717678
0.07010931021485112
0.07029777610252544
0.07048624199019977
0.07067470787787411
0.07086317376554843
0.07105163965322277
0.0712401055408971
0.07142857142857142
0.07161703731624576
0.0718055032039201
0.07199396909159442
0.07218243497926875
0.07237090086694309
0.07255936675461741
0.07274783264229175
0.07293629852996608
0.0731247644176404
0.07331323030531474
0.07350169619298907
0.0736901620806634
0.07387862796833773
0.07406709385601207
0.07425555974368639
0.07444402563136072
0.07463249151903506
0.07482095740670938
0.07500942329438372
0.07519788918205805
0.07538635506973237
0.07557482095740671
0.07576328684508105
0.07595175273275537
0.0761402186204297
0.07632868450810404
0.07651715039577836
0.0767056162834527
0.07689408217112703
0.07708254805880135
0.07727101394647569
0.07745947983415002
0.07764794572182435
0.07783641160949868
0.07802487749717302
0.07821334338484734
0.07840180927252167
0.07859027516019601
0.07877874104787033
0.07896720693554467
0.079155672823219
0.07934413871089332
0.07953260459856766
0.079721070486242
0.07990953637391632
0.08009800226159065
0.08028646814926499
0.08047493403693931
0.08066339992461365
0.08085186581228798
0.0810403316999623
0.08122879758763664
0.08141726347531097
0.0816057293629853
0.08179419525065963
0.08198266113833397
0.08217112702600829
0.08235959291368262
0.08254805880135696
0.08273652468903128
0.08292499057670562
0.08311345646437995
0.08330192235205428
0.08349038823972861
0.08367885412740295
0.08386732001507727
0.0840557859027516
0.08424425179042594
0.08443271767810026
0.0846211835657746
0.08480964945344893
0.08499811534112325
0.08518658122879759
0.08537504711647192
0.08556351300414625
0.08575197889182058
0.08594044477949492
0.08612891066716924
0.08631737655484358
0.08650584244251791
0.08669430833019223
0.08688277421786657
0.0870712401055409
0.08725970599321523
0.08744817188088956
0.0876366377685639
0.08782510365623822
0.08801356954391255
0.08820203543158689
0.08839050131926121
0.08857896720693555
0.08876743309460988
0.0889558989822842
0.08914436486995854
0.08933283075763288
0.0895212966453072
0.08970976253298153
0.08989822842065587
0.09008669430833019
0.09027516019600453
0.09046362608367886
0.09065209197135318
0.09084055785902752
0.09102902374670185
0.09121748963437618
0.09140595552205051
0.09159442140972485
0.09178288729739917
0.0919713531850735
0.09215981907274784
0.09234828496042216
0.0925367508480965
0.09272521673577083
0.09291368262344515
0.09310214851111949
0.09329061439879383
0.09347908028646815
0.09366754617414248
0.0938560120618168
0.09404447794949114
0.09423294383716548
0.0944214097248398
0.09460987561251413
0.09479834150018847
0.09498680738786279
0.09517527327553713
0.09536373916321146
0.09555220505088578
0.09574067093856012
0.09592913682623445
0.09611760271390878
0.09630606860158311
0.09649453448925745
0.09668300037693177
0.0968714662646061
0.09705993215228044
0.09724839803995476
0.0974368639276291
0.09762532981530343
0.09781379570297775
0.09800226159065209
0.09819072747832643
0.09837919336600075
0.09856765925367508
0.09875612514134942
0.09894459102902374
0.09913305691669808
0.09932152280437241
0.09950998869204673
0.09969845457972107
0.0998869204673954
0.10007538635506973
0.10026385224274406
0.1004523181304184
0.10064078401809272
0.10082924990576705
0.10101771579344139
0.10120618168111571
0.10139464756879005
0.10158311345646438
0.1017715793441387
0.10196004523181304
0.10214851111948738
0.1023369770071617
0.10252544289483603
0.10271390878251037
0.10290237467018469
0.10309084055785903
0.10327930644553336
0.10346777233320768
0.10365623822088202
0.10384470410855635
0.10403316999623068
0.10422163588390501
0.10441010177157935
0.10459856765925367
0.104787033546928
0.10497549943460234
0.10516396532227666
0.105352431209951
0.10554089709762533
0.10572936298529965
0.10591782887297399
0.10610629476064833
0.10629476064832265
0.10648322653599698
0.10667169242367132
0.10686015831134564
0.10704862419901998
0.10723709008669431
0.10742555597436863
0.10761402186204297
0.1078024877497173
0.10799095363739163
0.10817941952506596
0.1083678854127403
0.10855635130041462
0.10874481718808895
0.10893328307576329
0.10912174896343761
0.10931021485111195
0.10949868073878628
0.1096871466264606
0.10987561251413494
0.11006407840180928
0.1102525442894836
0.11044101017715793
0.11062947606483227
0.11081794195250659
0.11100640784018093
0.11119487372785526
0.11138333961552958
0.11157180550320392
0.11176027139087825
0.11194873727855258
0.11213720316622691
0.11232566905390125
0.11251413494157557
0.1127026008292499
0.11289106671692424
0.11307953260459856
0.1132679984922729
0.11345646437994723
0.11364493026762156
0.11383339615529589
0.11402186204297023
0.11421032793064455
0.11439879381831888
0.11458725970599322
0.11477572559366754
0.11496419148134188
0.11515265736901621
0.11534112325669053
0.11552958914436487
0.1157180550320392
0.11590652091971353
0.11609498680738786
0.1162834526950622
0.11647191858273652
0.11666038447041086
0.11684885035808519
0.11703731624575951
0.11722578213343385
0.11741424802110818
0.1176027139087825
0.11779117979645684
0.11797964568413118
0.1181681115718055
0.11835657745947983
0.11854504334715417
0.11873350923482849
0.11892197512250283
0.11911044101017716
0.11929890689785148
0.11948737278552582
0.11967583867320016
0.11986430456087448
0.12005277044854881
0.12024123633622315
0.12042970222389747
0.1206181681115718
0.12080663399924614
0.12099509988692046
0.1211835657745948
0.12137203166226913
0.12156049754994346
0.12174896343761779
0.12193742932529213
0.12212589521296645
0.12231436110064078
0.12250282698831512
0.12269129287598944
0.12287975876366378
0.12306822465133811
0.12325669053901243
0.12344515642668677
0.1236336223143611
0.12382208820203543
0.12401055408970976
0.1241990199773841
0.12438748586505842
0.12457595175273276
0.12476441764040709
0.12495288352808141
0.12514134941575575
0.12532981530343007
0.12551828119110442
0.12570674707877874
0.12589521296645306
0.1260836788541274
0.12627214474180173
0.12646061062947606
0.1266490765171504
0.12683754240482473
0.12702600829249905
0.1272144741801734
0.12740294006784772
0.12759140595552204
0.1277798718431964
0.1279683377308707
0.12815680361854503
0.12834526950621938
0.1285337353938937
0.12872220128156803
0.12891066716924238
0.1290991330569167
0.12928759894459102
0.12947606483226537
0.1296645307199397
0.129852996607614
0.13004146249528836
0.13022992838296268
0.130418394270637
0.13060686015831136
0.13079532604598568
0.13098379193366
0.13117225782133435
0.13136072370900867
0.131549189596683
0.13173765548435734
0.13192612137203166
0.13211458725970598
0.13230305314738033
0.13249151903505466
0.13267998492272898
0.13286845081040333
0.13305691669807765
0.13324538258575197
0.13343384847342632
0.13362231436110064
0.13381078024877496
0.1339992461364493
0.13418771202412363
0.13437617791179796
0.1345646437994723
0.13475310968714663
0.13494157557482095
0.1351300414624953
0.13531850735016962
0.13550697323784394
0.1356954391255183
0.1358839050131926
0.13607237090086693
0.13626083678854128
0.1364493026762156
0.13663776856388993
0.13682623445156428
0.1370147003392386
0.13720316622691292
0.13739163211458727
0.1375800980022616
0.1377685638899359
0.13795702977761026
0.13814549566528458
0.1383339615529589
0.13852242744063326
0.13871089332830758
0.1388993592159819
0.13908782510365625
0.13927629099133057
0.1394647568790049
0.13965322276667924
0.13984168865435356
0.14003015454202788
0.14021862042970223
0.14040708631737656
0.14059555220505088
0.14078401809272523
0.14097248398039955
0.14116094986807387
0.14134941575574822
0.14153788164342254
0.14172634753109686
0.1419148134187712
0.14210327930644553
0.14229174519411986
0.1424802110817942
0.14266867696946853
0.14285714285714285
0.1430456087448172
0.14323407463249152
0.14342254052016584
0.1436110064078402
0.1437994722955145
0.14398793818318883
0.14417640407086318
0.1443648699585375
0.14455333584621183
0.14474180173388618
0.1449302676215605
0.14511873350923482
0.14530719939690917
0.1454956652845835
0.1456841311722578
0.14587259705993216
0.14606106294760648
0.1462495288352808
0.14643799472295516
0.14662646061062948
0.1468149264983038
0.14700339238597815
0.14719185827365247
0.1473803241613268
0.14756879004900114
0.14775725593667546
0.14794572182434979
0.14813418771202413
0.14832265359969846
0.14851111948737278
0.14869958537504713
0.14888805126272145
0.14907651715039577
0.14926498303807012
0.14945344892574444
0.14964191481341876
0.1498303807010931
0.15001884658876743
0.15020731247644176
0.1503957783641161
0.15058424425179043
0.15077271013946475
0.1509611760271391
0.15114964191481342
0.15133810780248774
0.1515265736901621
0.1517150395778364
0.15190350546551074
0.15209197135318508
0.1522804372408594
0.15246890312853373
0.15265736901620808
0.1528458349038824
0.15303430079155672
0.15322276667923107
0.1534112325669054
0.15359969845457971
0.15378816434225406
0.15397663022992839
0.1541650961176027
0.15435356200527706
0.15454202789295138
0.1547304937806257
0.15491895966830005
0.15510742555597437
0.1552958914436487
0.15548435733132304
0.15567282321899736
0.15586128910667169
0.15604975499434603
0.15623822088202036
0.15642668676969468
0.15661515265736903
0.15680361854504335
0.15699208443271767
0.15718055032039202
0.15736901620806634
0.15755748209574066
0.157745947983415
0.15793441387108934
0.15812287975876366
0.158311345646438
0.15849981153411233
0.15868827742178665
0.158876743309461
0.15906520919713532
0.15925367508480964
0.159442140972484
0.15963060686015831
0.15981907274783264
0.16000753863550699
0.1601960045231813
0.16038447041085563
0.16057293629852998
0.1607614021862043
0.16094986807387862
0.16113833396155297
0.1613267998492273
0.16151526573690161
0.16170373162457596
0.16189219751225029
0.1620806633999246
0.16226912928759896
0.16245759517527328
0.1626460610629476
0.16283452695062195
0.16302299283829627
0.1632114587259706
0.16339992461364494
0.16358839050131926
0.16377685638899359
0.16396532227666794
0.16415378816434226
0.16434225405201658
0.16453071993969093
0.16471918582736525
0.16490765171503957
0.16509611760271392
0.16528458349038824
0.16547304937806256
0.16566151526573691
0.16584998115341124
0.16603844704108556
0.1662269129287599
0.16641537881643423
0.16660384470410855
0.1667923105917829
0.16698077647945722
0.16716924236713154
0.1673577082548059
0.16754617414248021
0.16773464003015454
0.16792310591782889
0.1681115718055032
0.16830003769317753
0.16848850358085188
0.1686769694685262
0.16886543535620052
0.16905390124387487
0.1692423671315492
0.16943083301922351
0.16961929890689786
0.16980776479457219
0.1699962306822465
0.17018469656992086
0.17037316245759518
0.1705616283452695
0.17075009423294385
0.17093856012061817
0.1711270260082925
0.17131549189596684
0.17150395778364116
0.17169242367131549
0.17188088955898984
0.17206935544666416
0.17225782133433848
0.17244628722201283
0.17263475310968715
0.17282321899736147
0.17301168488503582
0.17320015077271014
0.17338861666038446
0.17357708254805881
0.17376554843573314
0.17395401432340746
0.1741424802110818
0.17433094609875613
0.17451941198643045
0.1747078778741048
0.17489634376177912
0.17508480964945344
0.1752732755371278
0.17546174142480211
0.17565020731247644
0.17583867320015079
0.1760271390878251
0.17621560497549943
0.17640407086317378
0.1765925367508481
0.17678100263852242
0.17696946852619677
0.1771579344138711
0.17734640030154541
0.17753486618921976
0.17772333207689409
0.1779117979645684
0.17810026385224276
0.17828872973991708
0.1784771956275914
0.17866566151526575
0.17885412740294007
0.1790425932906144
0.17923105917828874
0.17941952506596306
0.1796079909536374
0.17979645684131174
0.17998492272898606
0.18017338861666038
0.18036185450433473
0.18055032039200905
0.18073878627968337
0.18092725216735772
0.18111571805503204
0.18130418394270637
0.18149264983038071
0.18168111571805504
0.18186958160572936
0.1820580474934037
0.18224651338107803
0.18243497926875235
0.1826234451564267
0.18281191104410102
0.18300037693177534
0.1831888428194497
0.18337730870712401
0.18356577459479834
0.18375424048247269
0.183942706370147
0.18413117225782133
0.18431963814549568
0.18450810403317
0.18469656992084432
0.18488503580851867
0.185073501696193
0.18526196758386732
0.18545043347154166
0.185638899359216
0.1858273652468903
0.18601583113456466
0.18620429702223898
0.1863927629099133
0.18658122879758765
0.18676969468526197
0.1869581605729363
0.18714662646061064
0.18733509234828497
0.1875235582359593
0.1877120241236336
0.18790049001130796
0.18808895589898228
0.1882774217866566
0.18846588767433095
0.18865435356200527
0.1888428194496796
0.18903128533735394
0.18921975122502827
0.1894082171127026
0.18959668300037694
0.18978514888805126
0.18997361477572558
0.19016208066339993
0.19035054655107425
0.19053901243874857
0.19072747832642292
0.19091594421409724
0.19110441010177157
0.19129287598944592
0.19148134187712024
0.19166980776479456
0.1918582736524689
0.19204673954014323
0.19223520542781755
0.1924236713154919
0.19261213720316622
0.19280060309084054
0.1929890689785149
0.19317753486618922
0.19336600075386354
0.1935544666415379
0.1937429325292122
0.19393139841688653
0.19411986430456088
0.1943083301922352
0.19449679607990952
0.19468526196758387
0.1948737278552582
0.19506219374293252
0.19525065963060687
0.1954391255182812
0.1956275914059555
0.19581605729362986
0.19600452318130418
0.1961929890689785
0.19638145495665285
0.19656992084432717
0.1967583867320015
0.19694685261967584
0.19713531850735017
0.1973237843950245
0.19751225028269884
0.19770071617037316
0.19788918205804748
0.19807764794572183
0.19826611383339615
0.19845457972107047
0.19864304560874482
0.19883151149641914
0.19901997738409347
0.19920844327176782
0.19939690915944214
0.19958537504711646
0.1997738409347908
0.19996230682246513
0.20015077271013945
0.2003392385978138
0.20052770448548812
0.20071617037316244
0.2009046362608368
0.20109310214851112
0.20128156803618544
0.2014700339238598
0.2016584998115341
0.20184696569920843
0.20203543158688278
0.2022238974745571
0.20241236336223142
0.20260082924990577
0.2027892951375801
0.20297776102525442
0.20316622691292877
0.2033546928006031
0.2035431586882774
0.20373162457595176
0.20392009046362608
0.2041085563513004
0.20429702223897475
0.20448548812664907
0.2046739540143234
0.20486241990199774
0.20505088578967207
0.2052393516773464
0.20542781756502074
0.20561628345269506
0.20580474934036938
0.20599321522804373
0.20618168111571805
0.20637014700339237
0.20655861289106672
0.20674707877874104
0.20693554466641537
0.20712401055408972
0.20731247644176404
0.20750094232943836
0.2076894082171127
0.20787787410478703
0.20806633999246135
0.2082548058801357
0.20844327176781002
0.20863173765548435
0.2088202035431587
0.20900866943083302
0.20919713531850734
0.2093856012061817
0.209574067093856
0.20976253298153033
0.20995099886920468
0.210139464756879
0.21032793064455332
0.21051639653222767
0.210704862419902
0.21089332830757632
0.21108179419525067
0.211270260082925
0.2114587259705993
0.21164719185827366
0.21183565774594798
0.2120241236336223
0.21221258952129665
0.21240105540897097
0.2125895212966453
0.21277798718431964
0.21296645307199397
0.2131549189596683
0.21334338484734264
0.21353185073501696
0.21372031662269128
0.21390878251036563
0.21409724839803995
0.21428571428571427
0.21447418017338862
0.21466264606106294
0.21485111194873727
0.21503957783641162
0.21522804372408594
0.21541650961176026
0.2156049754994346
0.21579344138710893
0.21598190727478325
0.2161703731624576
0.21635883905013192
0.21654730493780625
0.2167357708254806
0.21692423671315492
0.21711270260082924
0.2173011684885036
0.2174896343761779
0.21767810026385223
0.21786656615152658
0.2180550320392009
0.21824349792687522
0.21843196381454957
0.2186204297022239
0.21880889558989822
0.21899736147757257
0.2191858273652469
0.2193742932529212
0.21956275914059556
0.21975122502826988
0.2199396909159442
0.22012815680361855
0.22031662269129287
0.2205050885789672
0.22069355446664154
0.22088202035431587
0.2210704862419902
0.22125895212966454
0.22144741801733886
0.22163588390501318
0.22182434979268753
0.22201281568036185
0.22220128156803617
0.22238974745571052
0.22257821334338485
0.22276667923105917
0.22295514511873352
0.22314361100640784
0.22333207689408216
0.2235205427817565
0.22370900866943083
0.22389747455710515
0.2240859404447795
0.22427440633245382
0.22446287222012815
0.2246513381078025
0.22483980399547682
0.22502826988315114
0.2252167357708255
0.2254052016584998
0.22559366754617413
0.22578213343384848
0.2259705993215228
0.22615906520919712
0.22634753109687147
0.2265359969845458
0.22672446287222012
0.22691292875989447
0.2271013946475688
0.2272898605352431
0.22747832642291746
0.22766679231059178
0.2278552581982661
0.22804372408594045
0.22823218997361477
0.2284206558612891
0.22860912174896345
0.22879758763663777
0.2289860535243121
0.22917451941198644
0.22936298529966076
0.22955145118733508
0.22973991707500943
0.22992838296268375
0.23011684885035807
0.23030531473803242
0.23049378062570675
0.23068224651338107
0.23087071240105542
0.23105917828872974
0.23124764417640406
0.2314361100640784
0.23162457595175273
0.23181304183942705
0.2320015077271014
0.23218997361477572
0.23237843950245005
0.2325669053901244
0.23275537127779872
0.23294383716547304
0.2331323030531474
0.2333207689408217
0.23350923482849603
0.23369770071617038
0.2338861666038447
0.23407463249151902
0.23426309837919337
0.2344515642668677
0.23464003015454202
0.23482849604221637
0.2350169619298907
0.235205427817565
0.23539389370523936
0.23558235959291368
0.235770825480588
0.23595929136826235
0.23614775725593667
0.236336223143611
0.23652468903128535
0.23671315491895967
0.236901620806634
0.23709008669430834
0.23727855258198266
0.23746701846965698
0.23765548435733133
0.23784395024500565
0.23803241613267997
0.23822088202035432
0.23840934790802865
0.23859781379570297
0.23878627968337732
0.23897474557105164
0.23916321145872596
0.2393516773464003
0.23954014323407463
0.23972860912174895
0.2399170750094233
0.24010554089709762
0.24029400678477195
0.2404824726724463
0.24067093856012062
0.24085940444779494
0.2410478703354693
0.2412363362231436
0.24142480211081793
0.24161326799849228
0.2418017338861666
0.24199019977384092
0.24217866566151527
0.2423671315491896
0.24255559743686392
0.24274406332453827
0.2429325292122126
0.2431209950998869
0.24330946098756126
0.24349792687523558
0.2436863927629099
0.24387485865058425
0.24406332453825857
0.2442517904259329
0.24444025631360725
0.24462872220128157
0.2448171880889559
0.24500565397663024
0.24519411986430456
0.24538258575197888
0.24557105163965323
0.24575951752732755
0.24594798341500188
0.24613644930267622
0.24632491519035055
0.24651338107802487
0.24670184696569922
0.24689031285337354
0.24707877874104786
0.2472672446287222
0.24745571051639653
0.24764417640407085
0.2478326422917452
0.24802110817941952
0.24820957406709385
0.2483980399547682
0.24858650584244252
0.24877497173011684
0.2489634376177912
0.2491519035054655
0.24934036939313983
0.24952883528081418
0.2497173011684885
0.24990576705616283
0.25009423294383715
0.2502826988315115
0.25047116471918585
0.25065963060686014
0.2508480964945345
0.25103656238220884
0.25122502826988313
0.2514134941575575
0.25160196004523183
0.2517904259329061
0.2519788918205805
0.2521673577082548
0.2523558235959291
0.25254428948360347
0.2527327553712778
0.2529212212589521
0.25310968714662646
0.2532981530343008
0.2534866189219751
0.25367508480964945
0.2538635506973238
0.2540520165849981
0.25424048247267245
0.2544289483603468
0.2546174142480211
0.25480588013569544
0.2549943460233698
0.2551828119110441
0.25537127779871843
0.2555597436863928
0.2557482095740671
0.2559366754617414
0.2561251413494158
0.25631360723709007
0.2565020731247644
0.25669053901243877
0.25687900490011306
0.2570674707877874
0.25725593667546176
0.25744440256313605
0.2576328684508104
0.25782133433848475
0.25800980022615905
0.2581982661138334
0.25838673200150775
0.25857519788918204
0.2587636637768564
0.25895212966453074
0.25914059555220503
0.2593290614398794
0.25951752732755373
0.259705993215228
0.2598944591029024
0.2600829249905767
0.260271390878251
0.26045985676592537
0.2606483226535997
0.260836788541274
0.26102525442894836
0.2612137203166227
0.261402186204297
0.26159065209197135
0.2617791179796457
0.26196758386732
0.26215604975499435
0.2623445156426687
0.262532981530343
0.26272144741801734
0.2629099133056917
0.263098379193366
0.26328684508104033
0.2634753109687147
0.263663776856389
0.2638522427440633
0.2640407086317377
0.26422917451941197
0.2644176404070863
0.26460610629476067
0.26479457218243496
0.2649830380701093
0.26517150395778366
0.26535996984545795
0.2655484357331323
0.26573690162080665
0.26592536750848095
0.2661138333961553
0.26630229928382965
0.26649076517150394
0.2666792310591783
0.26686769694685264
0.26705616283452693
0.2672446287222013
0.26743309460987563
0.2676215604975499
0.2678100263852243
0.2679984922728986
0.2681869581605729
0.26837542404824727
0.2685638899359216
0.2687523558235959
0.26894082171127026
0.2691292875989446
0.2693177534866189
0.26950621937429325
0.2696946852619676
0.2698831511496419
0.27007161703731625
0.2702600829249906
0.2704485488126649
0.27063701470033924
0.2708254805880136
0.2710139464756879
0.27120241236336223
0.2713908782510366
0.2715793441387109
0.2717678100263852
0.2719562759140596
0.27214474180173387
0.2723332076894082
0.27252167357708257
0.27271013946475686
0.2728986053524312
0.27308707124010556
0.27327553712777986
0.2734640030154542
0.27365246890312855
0.27384093479080285
0.2740294006784772
0.27421786656615155
0.27440633245382584
0.2745947983415002
0.27478326422917454
0.27497173011684883
0.2751601960045232
0.27534866189219753
0.2755371277798718
0.2757255936675462
0.2759140595552205
0.2761025254428948
0.27629099133056917
0.2764794572182435
0.2766679231059178
0.27685638899359216
0.2770448548812665
0.2772333207689408
0.27742178665661515
0.2776102525442895
0.2777987184319638
0.27798718431963815
0.2781756502073125
0.2783641160949868
0.27855258198266114
0.2787410478703355
0.2789295137580098
0.27911797964568413
0.2793064455333585
0.2794949114210328
0.2796833773087071
0.2798718431963815
0.28006030908405577
0.2802487749717301
0.28043724085940447
0.28062570674707876
0.2808141726347531
0.28100263852242746
0.28119110441010176
0.2813795702977761
0.28156803618545045
0.28175650207312475
0.2819449679607991
0.28213343384847345
0.28232189973614774
0.2825103656238221
0.28269883151149644
0.28288729739917073
0.2830757632868451
0.28326422917451943
0.2834526950621937
0.2836411609498681
0.2838296268375424
0.2840180927252167
0.28420655861289107
0.2843950245005654
0.2845834903882397
0.28477195627591406
0.2849604221635884
0.2851488880512627
0.28533735393893706
0.2855258198266114
0.2857142857142857
0.28590275160196005
0.2860912174896344
0.2862796833773087
0.28646814926498304
0.2866566151526574
0.2868450810403317
0.28703354692800603
0.2872220128156804
0.2874104787033547
0.287598944591029
0.2877874104787034
0.28797587636637767
0.288164342254052
0.28835280814172637
0.28854127402940066
0.288729739917075
0.28891820580474936
0.28910667169242366
0.289295137580098
0.28948360346777235
0.28967206935544665
0.289860535243121
0.29004900113079535
0.29023746701846964
0.290425932906144
0.29061439879381834
0.29080286468149263
0.290991330569167
0.29117979645684133
0.2913682623445156
0.29155672823219
0.2917451941198643
0.2919336600075386
0.29212212589521297
0.2923105917828873
0.2924990576705616
0.29268752355823596
0.2928759894459103
0.2930644553335846
0.29325292122125896
0.2934413871089333
0.2936298529966076
0.29381831888428195
0.2940067847719563
0.2941952506596306
0.29438371654730494
0.2945721824349793
0.2947606483226536
0.29494911421032793
0.2951375800980023
0.2953260459856766
0.2955145118733509
0.2957029777610253
0.29589144364869957
0.2960799095363739
0.29626837542404827
0.29645684131172256
0.2966453071993969
0.29683377308707126
0.29702223897474556
0.2972107048624199
0.29739917075009425
0.29758763663776855
0.2977761025254429
0.29796456841311725
0.29815303430079154
0.2983415001884659
0.29852996607614024
0.29871843196381453
0.2989068978514889
0.29909536373916323
0.2992838296268375
0.2994722955145119
0.2996607614021862
0.2998492272898605
0.30003769317753487
0.3002261590652092
0.3004146249528835
0.30060309084055786
0.3007915567282322
0.3009800226159065
0.30116848850358086
0.3013569543912552
0.3015454202789295
0.30173388616660385
0.3019223520542782
0.3021108179419525
0.30229928382962684
0.3024877497173012
0.3026762156049755
0.30286468149264983
0.3030531473803242
0.3032416132679985
0.3034300791556728
0.3036185450433472
0.30380701093102147
0.3039954768186958
0.30418394270637017
0.30437240859404446
0.3045608744817188
0.30474934036939316
0.30493780625706746
0.3051262721447418
0.30531473803241616
0.30550320392009045
0.3056916698077648
0.30588013569543915
0.30606860158311344
0.3062570674707878
0.30644553335846214
0.30663399924613643
0.3068224651338108
0.30701093102148513
0.30719939690915943
0.3073878627968338
0.3075763286845081
0.3077647945721824
0.30795326045985677
0.3081417263475311
0.3083301922352054
0.30851865812287976
0.3087071240105541
0.3088955898982284
0.30908405578590276
0.3092725216735771
0.3094609875612514
0.30964945344892575
0.3098379193366001
0.3100263852242744
0.31021485111194874
0.3104033169996231
0.3105917828872974
0.31078024877497173
0.3109687146626461
0.3111571805503204
0.3113456464379947
0.3115341123256691
0.31172257821334337
0.3119110441010177
0.31209950998869207
0.31228797587636636
0.3124764417640407
0.31266490765171506
0.31285337353938936
0.3130418394270637
0.31323030531473806
0.31341877120241235
0.3136072370900867
0.31379570297776105
0.31398416886543534
0.3141726347531097
0.31436110064078404
0.31454956652845834
0.3147380324161327
0.31492649830380703
0.31511496419148133
0.3153034300791557
0.31549189596683
0.3156803618545043
0.31586882774217867
0.316057293629853
0.3162457595175273
0.31643422540520166
0.316622691292876
0.3168111571805503
0.31699962306822466
0.317188088955899
0.3173765548435733
0.31756502073124765
0.317753486618922
0.3179419525065963
0.31813041839427064
0.318318884281945
0.3185073501696193
0.31869581605729363
0.318884281944968
0.3190727478326423
0.31926121372031663
0.319449679607991
0.31963814549566527
0.3198266113833396
0.32001507727101397
0.32020354315868826
0.3203920090463626
0.32058047493403696
0.32076894082171126
0.3209574067093856
0.32114587259705996
0.32133433848473425
0.3215228043724086
0.32171127026008295
0.32189973614775724
0.3220882020354316
0.32227666792310594
0.32246513381078024
0.3226535996984546
0.32284206558612893
0.32303053147380323
0.3232189973614776
0.3234074632491519
0.3235959291368262
0.32378439502450057
0.3239728609121749
0.3241613267998492
0.32434979268752356
0.3245382585751979
0.3247267244628722
0.32491519035054656
0.3251036562382209
0.3252921221258952
0.32548058801356955
0.3256690539012439
0.3258575197889182
0.32604598567659254
0.3262344515642669
0.3264229174519412
0.32661138333961554
0.3267998492272899
0.3269883151149642
0.32717678100263853
0.3273652468903129
0.32755371277798717
0.3277421786656615
0.32793064455333587
0.32811911044101016
0.3283075763286845
0.32849604221635886
0.32868450810403316
0.3288729739917075
0.32906143987938186
0.32924990576705615
0.3294383716547305
0.32962683754240485
0.32981530343007914
0.3300037693177535
0.33019223520542784
0.33038070109310214
0.3305691669807765
0.33075763286845083
0.33094609875612513
0.3311345646437995
0.33132303053147383
0.3315114964191481
0.33169996230682247
0.3318884281944968
0.3320768940821711
0.33226535996984546
0.3324538258575198
0.3326422917451941
0.33283075763286846
0.3330192235205428
0.3332076894082171
0.33339615529589145
0.3335846211835658
0.3337730870712401
0.33396155295891444
0.3341500188465888
0.3343384847342631
0.33452695062193744
0.3347154165096118
0.3349038823972861
0.33509234828496043
0.3352808141726348
0.33546928006030907
0.3356577459479834
0.33584621183565777
0.33603467772333206
0.3362231436110064
0.33641160949868076
0.33660007538635506
0.3367885412740294
0.33697700716170376
0.33716547304937805
0.3373539389370524
0.33754240482472675
0.33773087071240104
0.3379193366000754
0.33810780248774974
0.33829626837542404
0.3384847342630984
0.33867320015077274
0.33886166603844703
0.3390501319261214
0.33923859781379573
0.33942706370147
0.33961552958914437
0.3398039954768187
0.339992461364493
0.34018092725216736
0.3403693931398417
0.340557859027516
0.34074632491519036
0.3409347908028647
0.341123256690539
0.34131172257821335
0.3415001884658877
0.341688654353562
0.34187712024123634
0.3420655861289107
0.342254052016585
0.34244251790425934
0.3426309837919337
0.342819449679608
0.34300791556728233
0.3431963814549567
0.34338484734263097
0.3435733132303053
0.34376177911797967
0.34395024500565397
0.3441387108933283
0.34432717678100266
0.34451564266867696
0.3447041085563513
0.34489257444402566
0.34508104033169995
0.3452695062193743
0.34545797210704865
0.34564643799472294
0.3458349038823973
0.34602336977007164
0.34621183565774594
0.3464003015454203
0.34658876743309464
0.34677723332076893
0.3469656992084433
0.34715416509611763
0.3473426309837919
0.34753109687146627
0.3477195627591406
0.3479080286468149
0.34809649453448926
0.3482849604221636
0.3484734263098379
0.34866189219751226
0.3488503580851866
0.3490388239728609
0.34922728986053525
0.3494157557482096
0.3496042216358839
0.34979268752355824
0.3499811534112326
0.3501696192989069
0.35035808518658124
0.3505465510742556
0.3507350169619299
0.35092348284960423
0.3511119487372786
0.3513004146249529
0.3514888805126272
0.35167734640030157
0.35186581228797587
0.3520542781756502
0.35224274406332456
0.35243120995099886
0.3526196758386732
0.35280814172634756
0.35299660761402185
0.3531850735016962
0.35337353938937055
0.35356200527704484
0.3537504711647192
0.35393893705239354
0.35412740294006784
0.3543158688277422
0.35450433471541654
0.35469280060309083
0.3548812664907652
0.35506973237843953
0.3552581982661138
0.35544666415378817
0.3556351300414625
0.3558235959291368
0.35601206181681117
0.3562005277044855
0.3563889935921598
0.35657745947983416
0.3567659253675085
0.3569543912551828
0.35714285714285715
0.3573313230305315
0.3575197889182058
0.35770825480588014
0.3578967206935545
0.3580851865812288
0.35827365246890314
0.3584621183565775
0.3586505842442518
0.35883905013192613
0.3590275160196005
0.3592159819072748
0.3594044477949491
0.35959291368262347
0.35978137957029777
0.3599698454579721
0.36015831134564646
0.36034677723332076
0.3605352431209951
0.36072370900866946
0.36091217489634375
0.3611006407840181
0.36128910667169245
0.36147757255936674
0.3616660384470411
0.36185450433471544
0.36204297022238974
0.3622314361100641
0.36241990199773844
0.36260836788541273
0.3627968337730871
0.36298529966076143
0.3631737655484357
0.3633622314361101
0.3635506973237844
0.3637391632114587
0.36392762909913307
0.3641160949868074
0.3643045608744817
0.36449302676215606
0.3646814926498304
0.3648699585375047
0.36505842442517905
0.3652468903128534
0.3654353562005277
0.36562382208820204
0.3658122879758764
0.3660007538635507
0.36618921975122504
0.3663776856388994
0.3665661515265737
0.36675461741424803
0.3669430833019224
0.3671315491895967
0.367320015077271
0.36750848096494537
0.36769694685261967
0.367885412740294
0.36807387862796836
0.36826234451564266
0.368450810403317
0.36863927629099136
0.36882774217866565
0.36901620806634
0.36920467395401435
0.36939313984168864
0.369581605729363
0.36977007161703734
0.36995853750471164
0.370147003392386
0.37033546928006034
0.37052393516773463
0.370712401055409
0.37090086694308333
0.3710893328307576
0.371277798718432
0.3714662646061063
0.3716547304937806
0.37184319638145497
0.3720316622691293
0.3722201281568036
0.37240859404447796
0.3725970599321523
0.3727855258198266
0.37297399170750095
0.3731624575951753
0.3733509234828496
0.37353938937052394
0.3737278552581983
0.3739163211458726
0.37410478703354694
0.3742932529212213
0.3744817188088956
0.37467018469656993
0.3748586505842443
0.3750471164719186
0.3752355823595929
0.3754240482472672
0.37561251413494157
0.3758009800226159
0.3759894459102902
0.37617791179796456
0.3763663776856389
0.3765548435733132
0.37674330946098755
0.3769317753486619
0.3771202412363362
0.37730870712401055
0.3774971730116849
0.3776856388993592
0.37787410478703354
0.3780625706747079
0.3782510365623822
0.37843950245005653
0.3786279683377309
0.3788164342254052
0.3790049001130795
0.3791933660007539
0.37938183188842817
0.3795702977761025
0.37975876366377687
0.37994722955145116
0.3801356954391255
0.38032416132679986
0.38051262721447415
0.3807010931021485
0.38088955898982285
0.38107802487749715
0.3812664907651715
0.38145495665284584
0.38164342254052014
0.3818318884281945
0.38202035431586884
0.38220882020354313
0.3823972860912175
0.38258575197889183
0.3827742178665661
0.3829626837542405
0.3831511496419148
0.3833396155295891
0.38352808141726347
0.3837165473049378
0.3839050131926121
0.38409347908028646
0.3842819449679608
0.3844704108556351
0.38465887674330945
0.3848473426309838
0.3850358085186581
0.38522427440633245
0.3854127402940068
0.3856012061816811
0.38578967206935544
0.3859781379570298
0.3861666038447041
0.38635506973237843
0.3865435356200528
0.3867320015077271
0.3869204673954014
0.3871089332830758
0.38729739917075007
0.3874858650584244
0.38767433094609877
0.38786279683377306
0.3880512627214474
0.38823972860912176
0.38842819449679605
0.3886166603844704
0.38880512627214475
0.38899359215981905
0.3891820580474934
0.38937052393516774
0.38955898982284204
0.3897474557105164
0.38993592159819074
0.39012438748586503
0.3903128533735394
0.39050131926121373
0.390689785148888
0.3908782510365624
0.3910667169242367
0.391255182811911
0.39144364869958537
0.3916321145872597
0.391820580474934
0.39200904636260836
0.3921975122502827
0.392385978137957
0.39257444402563135
0.3927629099133057
0.39295137580098
0.39313984168865435
0.3933283075763287
0.393516773464003
0.39370523935167734
0.3938937052393517
0.394082171127026
0.39427063701470033
0.3944591029023747
0.394647568790049
0.3948360346777233
0.3950245005653977
0.39521296645307197
0.3954014323407463
0.39558989822842067
0.39577836411609496
0.3959668300037693
0.39615529589144366
0.39634376177911795
0.3965322276667923
0.39672069355446665
0.39690915944214095
0.3970976253298153
0.39728609121748965
0.39747455710516394
0.3976630229928383
0.39785148888051264
0.39803995476818693
0.3982284206558613
0.39841688654353563
0.3986053524312099
0.3987938183188843
0.3989822842065586
0.3991707500942329
0.39935921598190727
0.3995476818695816
0.3997361477572559
0.39992461364493026
0.4001130795326046
0.4003015454202789
0.40049001130795325
0.4006784771956276
0.4008669430833019
0.40105540897097625
0.4012438748586506
0.4014323407463249
0.40162080663399924
0.4018092725216736
0.4019977384093479
0.40218620429702223
0.4023746701846966
0.4025631360723709
0.4027516019600452
0.4029400678477196
0.40312853373539387
0.4033169996230682
0.40350546551074257
0.40369393139841686
0.4038823972860912
0.40407086317376556
0.40425932906143985
0.4044477949491142
0.40463626083678855
0.40482472672446285
0.4050131926121372
0.40520165849981155
0.40539012438748584
0.4055785902751602
0.40576705616283454
0.40595552205050883
0.4061439879381832
0.40633245382585753
0.4065209197135318
0.4067093856012062
0.4068978514888805
0.4070863173765548
0.40727478326422917
0.4074632491519035
0.4076517150395778
0.40784018092725216
0.4080286468149265
0.4082171127026008
0.40840557859027515
0.4085940444779495
0.4087825103656238
0.40897097625329815
0.4091594421409725
0.4093479080286468
0.40953637391632114
0.4097248398039955
0.4099133056916698
0.41010177157934413
0.4102902374670185
0.4104787033546928
0.4106671692423671
0.4108556351300415
0.41104410101771577
0.4112325669053901
0.41142103279306447
0.41160949868073876
0.4117979645684131
0.41198643045608746
0.41217489634376175
0.4123633622314361
0.41255182811911045
0.41274029400678475
0.4129287598944591
0.41311722578213345
0.41330569166980774
0.4134941575574821
0.41368262344515644
0.41387108933283073
0.4140595552205051
0.41424802110817943
0.4144364869958537
0.4146249528835281
0.4148134187712024
0.4150018846588767
0.41519035054655107
0.4153788164342254
0.4155672823218997
0.41575574820957406
0.4159442140972484
0.4161326799849227
0.41632114587259705
0.4165096117602714
0.4166980776479457
0.41688654353562005
0.4170750094232944
0.4172634753109687
0.41745194119864304
0.4176404070863174
0.4178288729739917
0.41801733886166603
0.4182058047493404
0.4183942706370147
0.418582736524689
0.4187712024123634
0.41895966830003767
0.419148134187712
0.41933660007538637
0.41952506596306066
0.419713531850735
0.41990199773840936
0.42009046362608365
0.420278929513758
0.42046739540143235
0.42065586128910665
0.420844327176781
0.42103279306445535
0.42122125895212964
0.421409724839804
0.42159819072747834
0.42178665661515263
0.421975122502827
0.42216358839050133
0.4223520542781756
0.42254052016585
0.4227289860535243
0.4229174519411986
0.42310591782887297
0.4232943837165473
0.4234828496042216
0.42367131549189596
0.4238597813795703
0.4240482472672446
0.42423671315491895
0.4244251790425933
0.4246136449302676
0.42480211081794195
0.4249905767056163
0.4251790425932906
0.42536750848096494
0.4255559743686393
0.4257444402563136
0.42593290614398793
0.4261213720316623
0.4263098379193366
0.4264983038070109
0.4266867696946853
0.42687523558235957
0.4270637014700339
0.42725216735770827
0.42744063324538256
0.4276290991330569
0.42781756502073126
0.42800603090840555
0.4281944967960799
0.42838296268375425
0.42857142857142855
0.4287598944591029
0.42894836034677725
0.42913682623445154
0.4293252921221259
0.42951375800980024
0.42970222389747453
0.4298906897851489
0.43007915567282323
0.4302676215604975
0.4304560874481719
0.4306445533358462
0.4308330192235205
0.43102148511119487
0.4312099509988692
0.4313984168865435
0.43158688277421786
0.4317753486618922
0.4319638145495665
0.43215228043724085
0.4323407463249152
0.4325292122125895
0.43271767810026385
0.4329061439879382
0.4330946098756125
0.43328307576328684
0.4334715416509612
0.4336600075386355
0.43384847342630983
0.4340369393139842
0.4342254052016585
0.4344138710893328
0.4346023369770072
0.43479080286468147
0.4349792687523558
0.43516773464003017
0.43535620052770446
0.4355446664153788
0.43573313230305316
0.43592159819072746
0.4361100640784018
0.43629852996607615
0.43648699585375045
0.4366754617414248
0.43686392762909915
0.43705239351677344
0.4372408594044478
0.43742932529212214
0.43761779117979643
0.4378062570674708
0.43799472295514513
0.4381831888428194
0.4383716547304938
0.4385601206181681
0.4387485865058424
0.43893705239351677
0.4391255182811911
0.4393139841688654
0.43950245005653976
0.4396909159442141
0.4398793818318884
0.44006784771956275
0.4402563136072371
0.4404447794949114
0.44063324538258575
0.4408217112702601
0.4410101771579344
0.44119864304560874
0.4413871089332831
0.4415755748209574
0.44176404070863173
0.4419525065963061
0.4421409724839804
0.4423294383716547
0.4425179042593291
0.44270637014700337
0.4428948360346777
0.44308330192235207
0.44327176781002636
0.4434602336977007
0.44364869958537506
0.44383716547304936
0.4440256313607237
0.44421409724839805
0.44440256313607235
0.4445910290237467
0.44477949491142105
0.44496796079909534
0.4451564266867697
0.44534489257444404
0.44553335846211833
0.4457218243497927
0.44591029023746703
0.4460987561251413
0.4462872220128157
0.44647568790049
0.4466641537881643
0.44685261967583867
0.447041085563513
0.4472295514511873
0.44741801733886166
0.447606483226536
0.4477949491142103
0.44798341500188466
0.448171880889559
0.4483603467772333
0.44854881266490765
0.448737278552582
0.4489257444402563
0.44911421032793064
0.449302676215605
0.4494911421032793
0.44967960799095363
0.449868073878628
0.4500565397663023
0.4502450056539766
0.450433471541651
0.45062193742932527
0.4508104033169996
0.45099886920467397
0.45118733509234826
0.4513758009800226
0.45156426686769696
0.45175273275537126
0.4519411986430456
0.45212966453071995
0.45231813041839425
0.4525065963060686
0.45269506219374295
0.45288352808141724
0.4530719939690916
0.45326045985676594
0.45344892574444023
0.4536373916321146
0.45382585751978893
0.4540143234074632
0.4542027892951376
0.4543912551828119
0.4545797210704862
0.45476818695816057
0.4549566528458349
0.4551451187335092
0.45533358462118356
0.4555220505088579
0.4557105163965322
0.45589898228420656
0.4560874481718809
0.4562759140595552
0.45646437994722955
0.4566528458349039
0.4568413117225782
0.45702977761025254
0.4572182434979269
0.4574067093856012
0.45759517527327553
0.4577836411609499
0.4579721070486242
0.4581605729362985
0.4583490388239729
0.45853750471164717
0.4587259705993215
0.45891443648699587
0.45910290237467016
0.4592913682623445
0.45947983415001886
0.45966830003769316
0.4598567659253675
0.46004523181304185
0.46023369770071615
0.4604221635883905
0.46061062947606485
0.46079909536373914
0.4609875612514135
0.46117602713908784
0.46136449302676213
0.4615529589144365
0.46174142480211083
0.4619298906897851
0.4621183565774595
0.4623068224651338
0.4624952883528081
0.46268375424048247
0.4628722201281568
0.4630606860158311
0.46324915190350546
0.4634376177911798
0.4636260836788541
0.46381454956652846
0.4640030154542028
0.4641914813418771
0.46437994722955145
0.4645684131172258
0.4647568790049001
0.46494534489257444
0.4651338107802488
0.4653222766679231
0.46551074255559743
0.4656992084432718
0.4658876743309461
0.4660761402186204
0.4662646061062948
0.46645307199396907
0.4666415378816434
0.46683000376931777
0.46701846965699206
0.4672069355446664
0.46739540143234076
0.46758386732001506
0.4677723332076894
0.46796079909536376
0.46814926498303805
0.4683377308707124
0.46852619675838675
0.46871466264606104
0.4689031285337354
0.46909159442140974
0.46928006030908404
0.4694685261967584
0.46965699208443273
0.46984545797210703
0.4700339238597814
0.4702223897474557
0.47041085563513
0.47059932152280437
0.4707877874104787
0.470976253298153
0.47116471918582736
0.4713531850735017
0.471541650961176
0.47173011684885036
0.4719185827365247
0.472107048624199
0.47229551451187335
0.4724839803995477
0.472672446287222
0.47286091217489634
0.4730493780625707
0.473237843950245
0.47342630983791933
0.4736147757255937
0.473803241613268
0.4739917075009423
0.4741801733886167
0.47436863927629097
0.4745571051639653
0.47474557105163967
0.47493403693931396
0.4751225028269883
0.47531096871466266
0.47549943460233696
0.4756879004900113
0.47587636637768566
0.47606483226535995
0.4762532981530343
0.47644176404070865
0.47663022992838294
0.4768186958160573
0.47700716170373164
0.47719562759140594
0.4773840934790803
0.47757255936675463
0.47776102525442893
0.4779494911421033
0.4781379570297776
0.4783264229174519
0.47851488880512627
0.4787033546928006
0.4788918205804749
0.47908028646814926
0.4792687523558236
0.4794572182434979
0.47964568413117226
0.4798341500188466
0.4800226159065209
0.48021108179419525
0.4803995476818696
0.4805880135695439
0.48077647945721824
0.4809649453448926
0.4811534112325669
0.48134187712024123
0.4815303430079156
0.4817188088955899
0.48190727478326423
0.4820957406709386
0.48228420655861287
0.4824726724462872
0.48266113833396157
0.48284960422163586
0.4830380701093102
0.48322653599698456
0.48341500188465886
0.4836034677723332
0.48379193366000756
0.48398039954768185
0.4841688654353562
0.48435733132303055
0.48454579721070484
0.4847342630983792
0.48492272898605354
0.48511119487372784
0.4852996607614022
0.48548812664907653
0.48567659253675083
0.4858650584244252
0.4860535243120995
0.4862419901997738
0.48643045608744817
0.4866189219751225
0.4868073878627968
0.48699585375047116
0.4871843196381455
0.4873727855258198
0.48756125141349416
0.4877497173011685
0.4879381831888428
0.48812664907651715
0.4883151149641915
0.4885035808518658
0.48869204673954014
0.4888805126272145
0.4890689785148888
0.48925744440256314
0.4894459102902375
0.4896343761779118
0.48982284206558613
0.4900113079532605
0.49019977384093477
0.4903882397286091
0.49057670561628347
0.49076517150395776
0.4909536373916321
0.49114210327930646
0.49133056916698076
0.4915190350546551
0.49170750094232946
0.49189596683000375
0.4920844327176781
0.49227289860535245
0.49246136449302674
0.4926498303807011
0.49283829626837544
0.49302676215604974
0.4932152280437241
0.49340369393139843
0.49359215981907273
0.4937806257067471
0.49396909159442143
0.4941575574820957
0.49434602336977007
0.4945344892574444
0.4947229551451187
0.49491142103279306
0.4950998869204674
0.4952883528081417
0.49547681869581606
0.4956652845834904
0.4958537504711647
0.49604221635883905
0.4962306822465134
0.4964191481341877
0.49660761402186204
0.4967960799095364
0.4969845457972107
0.49717301168488504
0.4973614775725594
0.4975499434602337
0.49773840934790803
0.4979268752355824
0.49811534112325667
0.498303807010931
0.49849227289860537
0.49868073878627966
0.498869204673954
0.49905767056162836
0.49924613644930266
0.499434602336977
0.49962306822465136
0.49981153411232565
0.5
0.5001884658876743
0.5003769317753487
0.500565397663023
0.5007538635506973
0.5009423294383717
0.501130795326046
0.5013192612137203
0.5015077271013947
0.501696192989069
0.5018846588767433
0.5020731247644177
0.502261590652092
0.5024500565397663
0.5026385224274407
0.502826988315115
0.5030154542027893
0.5032039200904637
0.503392385978138
0.5035808518658123
0.5037693177534867
0.503957783641161
0.5041462495288352
0.5043347154165096
0.5045231813041839
0.5047116471918582
0.5049001130795326
0.5050885789672069
0.5052770448548812
0.5054655107425556
0.5056539766302299
0.5058424425179042
0.5060309084055786
0.5062193742932529
0.5064078401809272
0.5065963060686016
0.5067847719562759
0.5069732378439502
0.5071617037316246
0.5073501696192989
0.5075386355069732
0.5077271013946476
0.5079155672823219
0.5081040331699962
0.5082924990576706
0.5084809649453449
0.5086694308330192
0.5088578967206936
0.5090463626083679
0.5092348284960422
0.5094232943837166
0.5096117602713909
0.5098002261590652
0.5099886920467396
0.5101771579344139
0.5103656238220882
0.5105540897097626
0.5107425555974369
0.5109310214851112
0.5111194873727856
0.5113079532604599
0.5114964191481342
0.5116848850358086
0.5118733509234829
0.5120618168111571
0.5122502826988315
0.5124387485865058
0.5126272144741801
0.5128156803618545
0.5130041462495288
0.5131926121372031
0.5133810780248775
0.5135695439125518
0.5137580098002261
0.5139464756879005
0.5141349415755748
0.5143234074632491
0.5145118733509235
0.5147003392385978
0.5148888051262721
0.5150772710139465
0.5152657369016208
0.5154542027892951
0.5156426686769695
0.5158311345646438
0.5160196004523181
0.5162080663399925
0.5163965322276668
0.5165849981153411
0.5167734640030155
0.5169619298906898
0.5171503957783641
0.5173388616660385
0.5175273275537128
0.5177157934413871
0.5179042593290615
0.5180927252167358
0.5182811911044101
0.5184696569920845
0.5186581228797588
0.5188465887674331
0.5190350546551075
0.5192235205427818
0.519411986430456
0.5196004523181305
0.5197889182058048
0.519977384093479
0.5201658499811534
0.5203543158688277
0.520542781756502
0.5207312476441764
0.5209197135318507
0.521108179419525
0.5212966453071994
0.5214851111948737
0.521673577082548
0.5218620429702224
0.5220505088578967
0.522238974745571
0.5224274406332454
0.5226159065209197
0.522804372408594
0.5229928382962684
0.5231813041839427
0.523369770071617
0.5235582359592914
0.5237467018469657
0.52393516773464
0.5241236336223144
0.5243120995099887
0.524500565397663
0.5246890312853374
0.5248774971730117
0.525065963060686
0.5252544289483604
0.5254428948360347
0.525631360723709
0.5258198266113834
0.5260082924990577
0.526196758386732
0.5263852242744064
0.5265736901620807
0.526762156049755
0.5269506219374294
0.5271390878251037
0.527327553712778
0.5275160196004524
0.5277044854881267
0.527892951375801
0.5280814172634754
0.5282698831511496
0.5284583490388239
0.5286468149264983
0.5288352808141726
0.5290237467018469
0.5292122125895213
0.5294006784771956
0.5295891443648699
0.5297776102525443
0.5299660761402186
0.5301545420278929
0.5303430079155673
0.5305314738032416
0.5307199396909159
0.5309084055785903
0.5310968714662646
0.5312853373539389
0.5314738032416133
0.5316622691292876
0.5318507350169619
0.5320392009046363
0.5322276667923106
0.5324161326799849
0.5326045985676593
0.5327930644553336
0.5329815303430079
0.5331699962306823
0.5333584621183566
0.5335469280060309
0.5337353938937053
0.5339238597813796
0.5341123256690539
0.5343007915567283
0.5344892574444026
0.5346777233320769
0.5348661892197513
0.5350546551074256
0.5352431209950999
0.5354315868827743
0.5356200527704486
0.5358085186581228
0.5359969845457973
0.5361854504334715
0.5363739163211458
0.5365623822088202
0.5367508480964945
0.5369393139841688
0.5371277798718432
0.5373162457595175
0.5375047116471918
0.5376931775348662
0.5378816434225405
0.5380701093102148
0.5382585751978892
0.5384470410855635
0.5386355069732378
0.5388239728609122
0.5390124387485865
0.5392009046362608
0.5393893705239352
0.5395778364116095
0.5397663022992838
0.5399547681869582
0.5401432340746325
0.5403316999623068
0.5405201658499812
0.5407086317376555
0.5408970976253298
0.5410855635130042
0.5412740294006785
0.5414624952883528
0.5416509611760272
0.5418394270637015
0.5420278929513758
0.5422163588390502
0.5424048247267245
0.5425932906143988
0.5427817565020732
0.5429702223897475
0.5431586882774218
0.5433471541650962
0.5435356200527705
0.5437240859404447
0.5439125518281192
0.5441010177157934
0.5442894836034677
0.5444779494911421
0.5446664153788164
0.5448548812664907
0.5450433471541651
0.5452318130418394
0.5454202789295137
0.5456087448171881
0.5457972107048624
0.5459856765925367
0.5461741424802111
0.5463626083678854
0.5465510742555597
0.5467395401432341
0.5469280060309084
0.5471164719185827
0.5473049378062571
0.5474934036939314
0.5476818695816057
0.5478703354692801
0.5480588013569544
0.5482472672446287
0.5484357331323031
0.5486241990199774
0.5488126649076517
0.5490011307953261
0.5491895966830004
0.5493780625706747
0.5495665284583491
0.5497549943460234
0.5499434602336977
0.5501319261213721
0.5503203920090464
0.5505088578967207
0.5506973237843951
0.5508857896720694
0.5510742555597437
0.5512627214474181
0.5514511873350924
0.5516396532227666
0.551828119110441
0.5520165849981153
0.5522050508857896
0.552393516773464
0.5525819826611383
0.5527704485488126
0.552958914436487
0.5531473803241613
0.5533358462118356
0.55352431209951
0.5537127779871843
0.5539012438748586
0.554089709762533
0.5542781756502073
0.5544666415378816
0.554655107425556
0.5548435733132303
0.5550320392009046
0.555220505088579
0.5554089709762533
0.5555974368639276
0.555785902751602
0.5559743686392763
0.5561628345269506
0.556351300414625
0.5565397663022993
0.5567282321899736
0.556916698077648
0.5571051639653223
0.5572936298529966
0.557482095740671
0.5576705616283453
0.5578590275160196
0.558047493403694
0.5582359592913683
0.5584244251790426
0.558612891066717
0.5588013569543913
0.5589898228420656
0.55917828872974
0.5593667546174143
0.5595552205050885
0.559743686392763
0.5599321522804372
0.5601206181681115
0.5603090840557859
0.5604975499434602
0.5606860158311345
0.5608744817188089
0.5610629476064832
0.5612514134941575
0.5614398793818319
0.5616283452695062
0.5618168111571805
0.5620052770448549
0.5621937429325292
0.5623822088202035
0.5625706747078779
0.5627591405955522
0.5629476064832265
0.5631360723709009
0.5633245382585752
0.5635130041462495
0.5637014700339239
0.5638899359215982
0.5640784018092725
0.5642668676969469
0.5644553335846212
0.5646437994722955
0.5648322653599699
0.5650207312476442
0.5652091971353185
0.5653976630229929
0.5655861289106672
0.5657745947983415
0.5659630606860159
0.5661515265736902
0.5663399924613645
0.5665284583490389
0.5667169242367132
0.5669053901243875
0.5670938560120619
0.5672823218997362
0.5674707877874104
0.5676592536750849
0.5678477195627591
0.5680361854504334
0.5682246513381078
0.5684131172257821
0.5686015831134564
0.5687900490011308
0.5689785148888051
0.5691669807764794
0.5693554466641538
0.5695439125518281
0.5697323784395024
0.5699208443271768
0.5701093102148511
0.5702977761025254
0.5704862419901998
0.5706747078778741
0.5708631737655484
0.5710516396532228
0.5712401055408971
0.5714285714285714
0.5716170373162458
0.5718055032039201
0.5719939690915944
0.5721824349792688
0.5723709008669431
0.5725593667546174
0.5727478326422918
0.5729362985299661
0.5731247644176404
0.5733132303053148
0.5735016961929891
0.5736901620806634
0.5738786279683378
0.5740670938560121
0.5742555597436864
0.5744440256313608
0.5746324915190351
0.5748209574067094
0.5750094232943838
0.575197889182058
0.5753863550697323
0.5755748209574068
0.575763286845081
0.5759517527327553
0.5761402186204297
0.576328684508104
0.5765171503957783
0.5767056162834527
0.576894082171127
0.5770825480588013
0.5772710139464757
0.57745947983415
0.5776479457218243
0.5778364116094987
0.578024877497173
0.5782133433848473
0.5784018092725217
0.578590275160196
0.5787787410478703
0.5789672069355447
0.579155672823219
0.5793441387108933
0.5795326045985677
0.579721070486242
0.5799095363739163
0.5800980022615907
0.580286468149265
0.5804749340369393
0.5806633999246137
0.580851865812288
0.5810403316999623
0.5812287975876367
0.581417263475311
0.5816057293629853
0.5817941952506597
0.581982661138334
0.5821711270260083
0.5823595929136827
0.582548058801357
0.5827365246890313
0.5829249905767057
0.58311345646438
0.5833019223520542
0.5834903882397287
0.583678854127403
0.5838673200150772
0.5840557859027516
0.5842442517904259
0.5844327176781002
0.5846211835657746
0.5848096494534489
0.5849981153411232
0.5851865812287976
0.5853750471164719
0.5855635130041462
0.5857519788918206
0.5859404447794949
0.5861289106671692
0.5863173765548436
0.5865058424425179
0.5866943083301922
0.5868827742178666
0.5870712401055409
0.5872597059932152
0.5874481718808896
0.5876366377685639
0.5878251036562382
0.5880135695439126
0.5882020354315869
0.5883905013192612
0.5885789672069356
0.5887674330946099
0.5889558989822842
0.5891443648699586
0.5893328307576329
0.5895212966453072
0.5897097625329816
0.5898982284206559
0.5900866943083302
0.5902751601960046
0.5904636260836789
0.5906520919713532
0.5908405578590276
0.5910290237467019
0.5912174896343761
0.5914059555220506
0.5915944214097248
0.5917828872973991
0.5919713531850735
0.5921598190727478
0.5923482849604221
0.5925367508480965
0.5927252167357708
0.5929136826234451
0.5931021485111195
0.5932906143987938
0.5934790802864681
0.5936675461741425
0.5938560120618168
0.5940444779494911
0.5942329438371655
0.5944214097248398
0.5946098756125141
0.5947983415001885
0.5949868073878628
0.5951752732755371
0.5953637391632115
0.5955522050508858
0.5957406709385601
0.5959291368262345
0.5961176027139088
0.5963060686015831
0.5964945344892575
0.5966830003769318
0.5968714662646061
0.5970599321522805
0.5972483980399548
0.5974368639276291
0.5976253298153035
0.5978137957029778
0.5980022615906521
0.5981907274783265
0.5983791933660008
0.598567659253675
0.5987561251413495
0.5989445910290238
0.599133056916698
0.5993215228043725
0.5995099886920467
0.599698454579721
0.5998869204673954
0.6000753863550697
0.600263852242744
0.6004523181304184
0.6006407840180927
0.600829249905767
0.6010177157934414
0.6012061816811157
0.60139464756879
0.6015831134564644
0.6017715793441387
0.601960045231813
0.6021485111194874
0.6023369770071617
0.602525442894836
0.6027139087825104
0.6029023746701847
0.603090840557859
0.6032793064455334
0.6034677723332077
0.603656238220882
0.6038447041085564
0.6040331699962307
0.604221635883905
0.6044101017715794
0.6045985676592537
0.604787033546928
0.6049754994346024
0.6051639653222767
0.605352431209951
0.6055408970976254
0.6057293629852997
0.605917828872974
0.6061062947606484
0.6062947606483227
0.606483226535997
0.6066716924236714
0.6068601583113457
0.60704862419902
0.6072370900866944
0.6074255559743686
0.6076140218620429
0.6078024877497173
0.6079909536373916
0.6081794195250659
0.6083678854127403
0.6085563513004146
0.6087448171880889
0.6089332830757633
0.6091217489634376
0.6093102148511119
0.6094986807387863
0.6096871466264606
0.6098756125141349
0.6100640784018093
0.6102525442894836
0.6104410101771579
0.6106294760648323
0.6108179419525066
0.6110064078401809
0.6111948737278553
0.6113833396155296
0.6115718055032039
0.6117602713908783
0.6119487372785526
0.6121372031662269
0.6123256690539013
0.6125141349415756
0.6127026008292499
0.6128910667169243
0.6130795326045986
0.6132679984922729
0.6134564643799473
0.6136449302676216
0.6138333961552959
0.6140218620429703
0.6142103279306446
0.6143987938183189
0.6145872597059933
0.6147757255936676
0.6149641914813418
0.6151526573690163
0.6153411232566905
0.6155295891443648
0.6157180550320392
0.6159065209197135
0.6160949868073878
0.6162834526950622
0.6164719185827365
0.6166603844704108
0.6168488503580852
0.6170373162457595
0.6172257821334338
0.6174142480211082
0.6176027139087825
0.6177911797964568
0.6179796456841312
0.6181681115718055
0.6183565774594798
0.6185450433471542
0.6187335092348285
0.6189219751225028
0.6191104410101772
0.6192989068978515
0.6194873727855258
0.6196758386732002
0.6198643045608745
0.6200527704485488
0.6202412363362232
0.6204297022238975
0.6206181681115718
0.6208066339992462
0.6209950998869205
0.6211835657745948
0.6213720316622692
0.6215604975499435
0.6217489634376178
0.6219374293252922
0.6221258952129665
0.6223143611006408
0.6225028269883152
0.6226912928759895
0.6228797587636637
0.6230682246513382
0.6232566905390124
0.6234451564266867
0.6236336223143611
0.6238220882020354
0.6240105540897097
0.6241990199773841
0.6243874858650584
0.6245759517527327
0.6247644176404071
0.6249528835280814
0.6251413494157557
0.6253298153034301
0.6255182811911044
0.6257067470787787
0.6258952129664531
0.6260836788541274
0.6262721447418017
0.6264606106294761
0.6266490765171504
0.6268375424048247
0.6270260082924991
0.6272144741801734
0.6274029400678477
0.6275914059555221
0.6277798718431964
0.6279683377308707
0.6281568036185451
0.6283452695062194
0.6285337353938937
0.6287222012815681
0.6289106671692424
0.6290991330569167
0.6292875989445911
0.6294760648322654
0.6296645307199397
0.6298529966076141
0.6300414624952884
0.6302299283829627
0.6304183942706371
0.6306068601583114
0.6307953260459856
0.63098379193366
0.6311722578213343
0.6313607237090086
0.631549189596683
0.6317376554843573
0.6319261213720316
0.632114587259706
0.6323030531473803
0.6324915190350546
0.632679984922729
0.6328684508104033
0.6330569166980776
0.633245382585752
0.6334338484734263
0.6336223143611006
0.633810780248775
0.6339992461364493
0.6341877120241236
0.634376177911798
0.6345646437994723
0.6347531096871466
0.634941575574821
0.6351300414624953
0.6353185073501696
0.635506973237844
0.6356954391255183
0.6358839050131926
0.636072370900867
0.6362608367885413
0.6364493026762156
0.63663776856389
0.6368262344515643
0.6370147003392386
0.637203166226913
0.6373916321145873
0.6375800980022616
0.637768563889936
0.6379570297776103
0.6381454956652846
0.638333961552959
0.6385224274406333
0.6387108933283075
0.638899359215982
0.6390878251036562
0.6392762909913305
0.639464756879005
0.6396532227666792
0.6398416886543535
0.6400301545420279
0.6402186204297022
0.6404070863173765
0.6405955522050509
0.6407840180927252
0.6409724839803995
0.6411609498680739
0.6413494157557482
0.6415378816434225
0.6417263475310969
0.6419148134187712
0.6421032793064455
0.6422917451941199
0.6424802110817942
0.6426686769694685
0.6428571428571429
0.6430456087448172
0.6432340746324915
0.6434225405201659
0.6436110064078402
0.6437994722955145
0.6439879381831889
0.6441764040708632
0.6443648699585375
0.6445533358462119
0.6447418017338862
0.6449302676215605
0.6451187335092349
0.6453071993969092
0.6454956652845835
0.6456841311722579
0.6458725970599322
0.6460610629476065
0.6462495288352809
0.6464379947229552
0.6466264606106294
0.6468149264983039
0.6470033923859781
0.6471918582736524
0.6473803241613268
0.6475687900490011
0.6477572559366754
0.6479457218243498
0.6481341877120241
0.6483226535996984
0.6485111194873728
0.6486995853750471
0.6488880512627214
0.6490765171503958
0.6492649830380701
0.6494534489257444
0.6496419148134188
0.6498303807010931
0.6500188465887674
0.6502073124764418
0.6503957783641161
0.6505842442517904
0.6507727101394648
0.6509611760271391
0.6511496419148134
0.6513381078024878
0.6515265736901621
0.6517150395778364
0.6519035054655108
0.6520919713531851
0.6522804372408594
0.6524689031285338
0.6526573690162081
0.6528458349038824
0.6530343007915568
0.6532227666792311
0.6534112325669054
0.6535996984545798
0.6537881643422541
0.6539766302299284
0.6541650961176028
0.6543535620052771
0.6545420278929514
0.6547304937806258
0.6549189596683
0.6551074255559743
0.6552958914436487
0.655484357331323
0.6556728232189973
0.6558612891066717
0.656049754994346
0.6562382208820203
0.6564266867696947
0.656615152657369
0.6568036185450433
0.6569920844327177
0.657180550320392
0.6573690162080663
0.6575574820957407
0.657745947983415
0.6579344138710893
0.6581228797587637
0.658311345646438
0.6584998115341123
0.6586882774217867
0.658876743309461
0.6590652091971353
0.6592536750848097
0.659442140972484
0.6596306068601583
0.6598190727478327
0.660007538635507
0.6601960045231813
0.6603844704108557
0.66057293629853
0.6607614021862043
0.6609498680738787
0.661138333961553
0.6613267998492273
0.6615152657369017
0.661703731624576
0.6618921975122503
0.6620806633999247
0.662269129287599
0.6624575951752733
0.6626460610629477
0.662834526950622
0.6630229928382962
0.6632114587259706
0.6633999246136449
0.6635883905013192
0.6637768563889936
0.6639653222766679
0.6641537881643422
0.6643422540520166
0.6645307199396909
0.6647191858273652
0.6649076517150396
0.6650961176027139
0.6652845834903882
0.6654730493780626
0.6656615152657369
0.6658499811534112
0.6660384470410856
0.6662269129287599
0.6664153788164342
0.6666038447041086
0.6667923105917829
0.6669807764794572
0.6671692423671316
0.6673577082548059
0.6675461741424802
0.6677346400301546
0.6679231059178289
0.6681115718055032
0.6683000376931776
0.6684885035808519
0.6686769694685262
0.6688654353562006
0.6690539012438749
0.6692423671315492
0.6694308330192236
0.6696192989068979
0.6698077647945722
0.6699962306822466
0.6701846965699209
0.6703731624575952
0.6705616283452696
0.6707500942329438
0.6709385601206181
0.6711270260082925
0.6713154918959668
0.6715039577836411
0.6716924236713155
0.6718808895589898
0.6720693554466641
0.6722578213343385
0.6724462872220128
0.6726347531096871
0.6728232189973615
0.6730116848850358
0.6732001507727101
0.6733886166603845
0.6735770825480588
0.6737655484357331
0.6739540143234075
0.6741424802110818
0.6743309460987561
0.6745194119864305
0.6747078778741048
0.6748963437617791
0.6750848096494535
0.6752732755371278
0.6754617414248021
0.6756502073124765
0.6758386732001508
0.6760271390878251
0.6762156049754995
0.6764040708631738
0.6765925367508481
0.6767810026385225
0.6769694685261968
0.6771579344138711
0.6773464003015455
0.6775348661892198
0.6777233320768941
0.6779117979645685
0.6781002638522428
0.678288729739917
0.6784771956275915
0.6786656615152658
0.67885412740294
0.6790425932906144
0.6792310591782887
0.679419525065963
0.6796079909536374
0.6797964568413117
0.679984922728986
0.6801733886166604
0.6803618545043347
0.680550320392009
0.6807387862796834
0.6809272521673577
0.681115718055032
0.6813041839427064
0.6814926498303807
0.681681115718055
0.6818695816057294
0.6820580474934037
0.682246513381078
0.6824349792687524
0.6826234451564267
0.682811911044101
0.6830003769317754
0.6831888428194497
0.683377308707124
0.6835657745947984
0.6837542404824727
0.683942706370147
0.6841311722578214
0.6843196381454957
0.68450810403317
0.6846965699208444
0.6848850358085187
0.685073501696193
0.6852619675838674
0.6854504334715417
0.685638899359216
0.6858273652468904
0.6860158311345647
0.686204297022239
0.6863927629099134
0.6865812287975877
0.6867696946852619
0.6869581605729363
0.6871466264606106
0.6873350923482849
0.6875235582359593
0.6877120241236336
0.6879004900113079
0.6880889558989823
0.6882774217866566
0.6884658876743309
0.6886543535620053
0.6888428194496796
0.6890312853373539
0.6892197512250283
0.6894082171127026
0.6895966830003769
0.6897851488880513
0.6899736147757256
0.6901620806633999
0.6903505465510743
0.6905390124387486
0.6907274783264229
0.6909159442140973
0.6911044101017716
0.6912928759894459
0.6914813418771203
0.6916698077647946
0.6918582736524689
0.6920467395401433
0.6922352054278176
0.6924236713154919
0.6926121372031663
0.6928006030908406
0.6929890689785149
0.6931775348661893
0.6933660007538636
0.6935544666415379
0.6937429325292123
0.6939313984168866
0.6941198643045609
0.6943083301922353
0.6944967960799096
0.6946852619675838
0.6948737278552582
0.6950621937429325
0.6952506596306068
0.6954391255182812
0.6956275914059555
0.6958160572936298
0.6960045231813042
0.6961929890689785
0.6963814549566528
0.6965699208443272
0.6967583867320015
0.6969468526196758
0.6971353185073502
0.6973237843950245
0.6975122502826988
0.6977007161703732
0.6978891820580475
0.6980776479457218
0.6982661138333962
0.6984545797210705
0.6986430456087448
0.6988315114964192
0.6990199773840935
0.6992084432717678
0.6993969091594422
0.6995853750471165
0.6997738409347908
0.6999623068224652
0.7001507727101395
0.7003392385978138
0.7005277044854882
0.7007161703731625
0.7009046362608368
0.7010931021485112
0.7012815680361855
0.7014700339238598
0.7016584998115342
0.7018469656992085
0.7020354315868828
0.7022238974745572
0.7024123633622315
0.7026008292499057
0.7027892951375802
0.7029777610252544
0.7031662269129287
0.7033546928006031
0.7035431586882774
0.7037316245759517
0.7039200904636261
0.7041085563513004
0.7042970222389747
0.7044854881266491
0.7046739540143234
0.7048624199019977
0.7050508857896721
0.7052393516773464
0.7054278175650207
0.7056162834526951
0.7058047493403694
0.7059932152280437
0.7061816811157181
0.7063701470033924
0.7065586128910667
0.7067470787787411
0.7069355446664154
0.7071240105540897
0.7073124764417641
0.7075009423294384
0.7076894082171127
0.7078778741047871
0.7080663399924614
0.7082548058801357
0.7084432717678101
0.7086317376554844
0.7088202035431587
0.7090086694308331
0.7091971353185074
0.7093856012061817
0.7095740670938561
0.7097625329815304
0.7099509988692047
0.7101394647568791
0.7103279306445534
0.7105163965322276
0.710704862419902
0.7108933283075763
0.7110817941952506
0.711270260082925
0.7114587259705993
0.7116471918582736
0.711835657745948
0.7120241236336223
0.7122125895212966
0.712401055408971
0.7125895212966453
0.7127779871843196
0.712966453071994
0.7131549189596683
0.7133433848473426
0.713531850735017
0.7137203166226913
0.7139087825103656
0.71409724839804
0.7142857142857143
0.7144741801733886
0.714662646061063
0.7148511119487373
0.7150395778364116
0.715228043724086
0.7154165096117603
0.7156049754994346
0.715793441387109
0.7159819072747833
0.7161703731624576
0.716358839050132
0.7165473049378063
0.7167357708254806
0.716924236713155
0.7171127026008293
0.7173011684885036
0.717489634376178
0.7176781002638523
0.7178665661515266
0.718055032039201
0.7182434979268753
0.7184319638145495
0.718620429702224
0.7188088955898982
0.7189973614775725
0.7191858273652469
0.7193742932529212
0.7195627591405955
0.7197512250282699
0.7199396909159442
0.7201281568036185
0.7203166226912929
0.7205050885789672
0.7206935544666415
0.7208820203543159
0.7210704862419902
0.7212589521296645
0.7214474180173389
0.7216358839050132
0.7218243497926875
0.7220128156803619
0.7222012815680362
0.7223897474557105
0.7225782133433849
0.7227666792310592
0.7229551451187335
0.7231436110064079
0.7233320768940822
0.7235205427817565
0.7237090086694309
0.7238974745571052
0.7240859404447795
0.7242744063324539
0.7244628722201282
0.7246513381078025
0.7248398039954769
0.7250282698831512
0.7252167357708255
0.7254052016584999
0.7255936675461742
0.7257821334338485
0.7259705993215229
0.7261590652091972
0.7263475310968714
0.7265359969845459
0.7267244628722201
0.7269129287598944
0.7271013946475688
0.7272898605352431
0.7274783264229174
0.7276667923105918
0.7278552581982661
0.7280437240859404
0.7282321899736148
0.7284206558612891
0.7286091217489634
0.7287975876366378
0.7289860535243121
0.7291745194119864
0.7293629852996608
0.7295514511873351
0.7297399170750094
0.7299283829626838
0.7301168488503581
0.7303053147380324
0.7304937806257068
0.7306822465133811
0.7308707124010554
0.7310591782887298
0.7312476441764041
0.7314361100640784
0.7316245759517528
0.7318130418394271
0.7320015077271014
0.7321899736147758
0.7323784395024501
0.7325669053901244
0.7327553712777988
0.7329438371654731
0.7331323030531474
0.7333207689408218
0.7335092348284961
0.7336977007161704
0.7338861666038448
0.734074632491519
0.7342630983791933
0.7344515642668678
0.734640030154542
0.7348284960422163
0.7350169619298907
0.735205427817565
0.7353938937052393
0.7355823595929137
0.735770825480588
0.7359592913682623
0.7361477572559367
0.736336223143611
0.7365246890312853
0.7367131549189597
0.736901620806634
0.7370900866943083
0.7372785525819827
0.737467018469657
0.7376554843573313
0.7378439502450057
0.73803241613268
0.7382208820203543
0.7384093479080287
0.738597813795703
0.7387862796833773
0.7389747455710517
0.739163211458726
0.7393516773464003
0.7395401432340747
0.739728609121749
0.7399170750094233
0.7401055408970977
0.740294006784772
0.7404824726724463
0.7406709385601207
0.740859404447795
0.7410478703354693
0.7412363362231437
0.741424802110818
0.7416132679984923
0.7418017338861667
0.741990199773841
0.7421786656615152
0.7423671315491897
0.742555597436864
0.7427440633245382
0.7429325292122126
0.7431209950998869
0.7433094609875612
0.7434979268752356
0.7436863927629099
0.7438748586505842
0.7440633245382586
0.7442517904259329
0.7444402563136072
0.7446287222012816
0.7448171880889559
0.7450056539766302
0.7451941198643046
0.7453825857519789
0.7455710516396532
0.7457595175273276
0.7459479834150019
0.7461364493026762
0.7463249151903506
0.7465133810780249
0.7467018469656992
0.7468903128533736
0.7470787787410479
0.7472672446287222
0.7474557105163966
0.7476441764040709
0.7478326422917452
0.7480211081794196
0.7482095740670939
0.7483980399547682
0.7485865058424426
0.7487749717301169
0.7489634376177912
0.7491519035054656
0.7493403693931399
0.7495288352808142
0.7497173011684886
0.7499057670561629
0.7500942329438371
0.7502826988315114
0.7504711647191858
0.7506596306068601
0.7508480964945344
0.7510365623822088
0.7512250282698831
0.7514134941575574
0.7516019600452318
0.7517904259329061
0.7519788918205804
0.7521673577082548
0.7523558235959291
0.7525442894836034
0.7527327553712778
0.7529212212589521
0.7531096871466264
0.7532981530343008
0.7534866189219751
0.7536750848096494
0.7538635506973238
0.7540520165849981
0.7542404824726724
0.7544289483603468
0.7546174142480211
0.7548058801356954
0.7549943460233698
0.7551828119110441
0.7553712777987184
0.7555597436863928
0.7557482095740671
0.7559366754617414
0.7561251413494158
0.7563136072370901
0.7565020731247644
0.7566905390124388
0.7568790049001131
0.7570674707877874
0.7572559366754618
0.757444402563136
0.7576328684508103
0.7578213343384848
0.758009800226159
0.7581982661138333
0.7583867320015077
0.758575197889182
0.7587636637768563
0.7589521296645307
0.759140595552205
0.7593290614398793
0.7595175273275537
0.759705993215228
0.7598944591029023
0.7600829249905767
0.760271390878251
0.7604598567659253
0.7606483226535997
0.760836788541274
0.7610252544289483
0.7612137203166227
0.761402186204297
0.7615906520919713
0.7617791179796457
0.76196758386732
0.7621560497549943
0.7623445156426687
0.762532981530343
0.7627214474180173
0.7629099133056917
0.763098379193366
0.7632868450810403
0.7634753109687147
0.763663776856389
0.7638522427440633
0.7640407086317377
0.764229174519412
0.7644176404070863
0.7646061062947607
0.764794572182435
0.7649830380701093
0.7651715039577837
0.765359969845458
0.7655484357331322
0.7657369016208067
0.765925367508481
0.7661138333961552
0.7663022992838296
0.7664907651715039
0.7666792310591782
0.7668676969468526
0.7670561628345269
0.7672446287222012
0.7674330946098756
0.7676215604975499
0.7678100263852242
0.7679984922728986
0.7681869581605729
0.7683754240482472
0.7685638899359216
0.7687523558235959
0.7689408217112702
0.7691292875989446
0.7693177534866189
0.7695062193742932
0.7696946852619676
0.7698831511496419
0.7700716170373162
0.7702600829249906
0.7704485488126649
0.7706370147003392
0.7708254805880136
0.7710139464756879
0.7712024123633622
0.7713908782510366
0.7715793441387109
0.7717678100263852
0.7719562759140596
0.7721447418017339
0.7723332076894082
0.7725216735770826
0.7727101394647569
0.7728986053524312
0.7730870712401056
0.7732755371277799
0.7734640030154541
0.7736524689031286
0.7738409347908028
0.7740294006784771
0.7742178665661515
0.7744063324538258
0.7745947983415001
0.7747832642291745
0.7749717301168488
0.7751601960045231
0.7753486618921975
0.7755371277798718
0.7757255936675461
0.7759140595552205
0.7761025254428948
0.7762909913305691
0.7764794572182435
0.7766679231059178
0.7768563889935921
0.7770448548812665
0.7772333207689408
0.7774217866566151
0.7776102525442895
0.7777987184319638
0.7779871843196381
0.7781756502073125
0.7783641160949868
0.7785525819826611
0.7787410478703355
0.7789295137580098
0.7791179796456841
0.7793064455333585
0.7794949114210328
0.7796833773087071
0.7798718431963815
0.7800603090840558
0.7802487749717301
0.7804372408594045
0.7806257067470788
0.7808141726347531
0.7810026385224275
0.7811911044101018
0.781379570297776
0.7815680361854505
0.7817565020731247
0.781944967960799
0.7821334338484734
0.7823218997361477
0.782510365623822
0.7826988315114964
0.7828872973991707
0.783075763286845
0.7832642291745194
0.7834526950621937
0.783641160949868
0.7838296268375424
0.7840180927252167
0.784206558612891
0.7843950245005654
0.7845834903882397
0.784771956275914
0.7849604221635884
0.7851488880512627
0.785337353938937
0.7855258198266114
0.7857142857142857
0.78590275160196
0.7860912174896344
0.7862796833773087
0.786468149264983
0.7866566151526574
0.7868450810403317
0.787033546928006
0.7872220128156804
0.7874104787033547
0.787598944591029
0.7877874104787034
0.7879758763663777
0.788164342254052
0.7883528081417264
0.7885412740294007
0.788729739917075
0.7889182058047494
0.7891066716924237
0.789295137580098
0.7894836034677724
0.7896720693554466
0.7898605352431209
0.7900490011307953
0.7902374670184696
0.7904259329061439
0.7906143987938183
0.7908028646814926
0.7909913305691669
0.7911797964568413
0.7913682623445156
0.7915567282321899
0.7917451941198643
0.7919336600075386
0.7921221258952129
0.7923105917828873
0.7924990576705616
0.7926875235582359
0.7928759894459103
0.7930644553335846
0.7932529212212589
0.7934413871089333
0.7936298529966076
0.7938183188842819
0.7940067847719563
0.7941952506596306
0.7943837165473049
0.7945721824349793
0.7947606483226536
0.7949491142103279
0.7951375800980023
0.7953260459856766
0.7955145118733509
0.7957029777610253
0.7958914436486996
0.7960799095363739
0.7962683754240483
0.7964568413117226
0.7966453071993969
0.7968337730870713
0.7970222389747456
0.7972107048624198
0.7973991707500943
0.7975876366377685
0.7977761025254428
0.7979645684131172
0.7981530343007915
0.7983415001884658
0.7985299660761402
0.7987184319638145
0.7989068978514888
0.7990953637391632
0.7992838296268375
0.7994722955145118
0.7996607614021862
0.7998492272898605
0.8000376931775348
0.8002261590652092
0.8004146249528835
0.8006030908405578
0.8007915567282322
0.8009800226159065
0.8011684885035808
0.8013569543912552
0.8015454202789295
0.8017338861666038
0.8019223520542782
0.8021108179419525
0.8022992838296268
0.8024877497173012
0.8026762156049755
0.8028646814926498
0.8030531473803242
0.8032416132679985
0.8034300791556728
0.8036185450433472
0.8038070109310215
0.8039954768186958
0.8041839427063702
0.8043724085940445
0.8045608744817188
0.8047493403693932
0.8049378062570675
0.8051262721447418
0.8053147380324162
0.8055032039200904
0.8056916698077647
0.8058801356954391
0.8060686015831134
0.8062570674707877
0.8064455333584621
0.8066339992461364
0.8068224651338107
0.8070109310214851
0.8071993969091594
0.8073878627968337
0.8075763286845081
0.8077647945721824
0.8079532604598567
0.8081417263475311
0.8083301922352054
0.8085186581228797
0.8087071240105541
0.8088955898982284
0.8090840557859027
0.8092725216735771
0.8094609875612514
0.8096494534489257
0.8098379193366001
0.8100263852242744
0.8102148511119487
0.8104033169996231
0.8105917828872974
0.8107802487749717
0.8109687146626461
0.8111571805503204
0.8113456464379947
0.8115341123256691
0.8117225782133434
0.8119110441010177
0.8120995099886921
0.8122879758763664
0.8124764417640407
0.8126649076517151
0.8128533735393894
0.8130418394270637
0.8132303053147381
0.8134187712024123
0.8136072370900866
0.813795702977761
0.8139841688654353
0.8141726347531096
0.814361100640784
0.8145495665284583
0.8147380324161326
0.814926498303807
0.8151149641914813
0.8153034300791556
0.81549189596683
0.8156803618545043
0.8158688277421786
0.816057293629853
0.8162457595175273
0.8164342254052016
0.816622691292876
0.8168111571805503
0.8169996230682246
0.817188088955899
0.8173765548435733
0.8175650207312476
0.817753486618922
0.8179419525065963
0.8181304183942706
0.818318884281945
0.8185073501696193
0.8186958160572936
0.818884281944968
0.8190727478326423
0.8192612137203166
0.819449679607991
0.8196381454956653
0.8198266113833396
0.820015077271014
0.8202035431586883
0.8203920090463626
0.820580474934037
0.8207689408217113
0.8209574067093856
0.82114587259706
0.8213343384847342
0.8215228043724085
0.821711270260083
0.8218997361477572
0.8220882020354315
0.8222766679231059
0.8224651338107802
0.8226535996984545
0.8228420655861289
0.8230305314738032
0.8232189973614775
0.8234074632491519
0.8235959291368262
0.8237843950245005
0.8239728609121749
0.8241613267998492
0.8243497926875235
0.8245382585751979
0.8247267244628722
0.8249151903505465
0.8251036562382209
0.8252921221258952
0.8254805880135695
0.8256690539012439
0.8258575197889182
0.8260459856765925
0.8262344515642669
0.8264229174519412
0.8266113833396155
0.8267998492272899
0.8269883151149642
0.8271767810026385
0.8273652468903129
0.8275537127779872
0.8277421786656615
0.8279306445533359
0.8281191104410102
0.8283075763286845
0.8284960422163589
0.8286845081040332
0.8288729739917075
0.8290614398793819
0.8292499057670562
0.8294383716547304
0.8296268375424048
0.8298153034300791
0.8300037693177534
0.8301922352054278
0.8303807010931021
0.8305691669807764
0.8307576328684508
0.8309460987561251
0.8311345646437994
0.8313230305314738
0.8315114964191481
0.8316999623068224
0.8318884281944968
0.8320768940821711
0.8322653599698454
0.8324538258575198
0.8326422917451941
0.8328307576328684
0.8330192235205428
0.8332076894082171
0.8333961552958914
0.8335846211835658
0.8337730870712401
0.8339615529589144
0.8341500188465888
0.8343384847342631
0.8345269506219374
0.8347154165096118
0.8349038823972861
0.8350923482849604
0.8352808141726348
0.8354692800603091
0.8356577459479834
0.8358462118356578
0.8360346777233321
0.8362231436110064
0.8364116094986808
0.8366000753863551
0.8367885412740294
0.8369770071617038
0.837165473049378
0.8373539389370523
0.8375424048247267
0.837730870712401
0.8379193366000753
0.8381078024877497
0.838296268375424
0.8384847342630983
0.8386732001507727
0.838861666038447
0.8390501319261213
0.8392385978137957
0.83942706370147
0.8396155295891443
0.8398039954768187
0.839992461364493
0.8401809272521673
0.8403693931398417
0.840557859027516
0.8407463249151903
0.8409347908028647
0.841123256690539
0.8413117225782133
0.8415001884658877
0.841688654353562
0.8418771202412363
0.8420655861289107
0.842254052016585
0.8424425179042593
0.8426309837919337
0.842819449679608
0.8430079155672823
0.8431963814549567
0.843384847342631
0.8435733132303053
0.8437617791179797
0.843950245005654
0.8441387108933283
0.8443271767810027
0.844515642668677
0.8447041085563513
0.8448925744440257
0.8450810403317
0.8452695062193742
0.8454579721070486
0.8456464379947229
0.8458349038823972
0.8460233697700716
0.8462118356577459
0.8464003015454202
0.8465887674330946
0.8467772333207689
0.8469656992084432
0.8471541650961176
0.8473426309837919
0.8475310968714662
0.8477195627591406
0.8479080286468149
0.8480964945344892
0.8482849604221636
0.8484734263098379
0.8486618921975122
0.8488503580851866
0.8490388239728609
0.8492272898605352
0.8494157557482096
0.8496042216358839
0.8497926875235582
0.8499811534112326
0.8501696192989069
0.8503580851865812
0.8505465510742556
0.8507350169619299
0.8509234828496042
0.8511119487372786
0.8513004146249529
0.8514888805126272
0.8516773464003016
0.8518658122879759
0.8520542781756502
0.8522427440633246
0.8524312099509989
0.8526196758386732
0.8528081417263476
0.8529966076140219
0.8531850735016961
0.8533735393893706
0.8535620052770448
0.8537504711647191
0.8539389370523935
0.8541274029400678
0.8543158688277421
0.8545043347154165
0.8546928006030908
0.8548812664907651
0.8550697323784395
0.8552581982661138
0.8554466641537881
0.8556351300414625
0.8558235959291368
0.8560120618168111
0.8562005277044855
0.8563889935921598
0.8565774594798341
0.8567659253675085
0.8569543912551828
0.8571428571428571
0.8573313230305315
0.8575197889182058
0.8577082548058801
0.8578967206935545
0.8580851865812288
0.8582736524689031
0.8584621183565775
0.8586505842442518
0.8588390501319261
0.8590275160196005
0.8592159819072748
0.8594044477949491
0.8595929136826235
0.8597813795702978
0.8599698454579721
0.8601583113456465
0.8603467772333208
0.860535243120995
0.8607237090086695
0.8609121748963438
0.861100640784018
0.8612891066716925
0.8614775725593667
0.861666038447041
0.8618545043347154
0.8620429702223897
0.862231436110064
0.8624199019977384
0.8626083678854127
0.862796833773087
0.8629852996607614
0.8631737655484357
0.86336223143611
0.8635506973237844
0.8637391632114587
0.863927629099133
0.8641160949868074
0.8643045608744817
0.864493026762156
0.8646814926498304
0.8648699585375047
0.865058424425179
0.8652468903128534
0.8654353562005277
0.865623822088202
0.8658122879758764
0.8660007538635507
0.866189219751225
0.8663776856388994
0.8665661515265737
0.866754617414248
0.8669430833019224
0.8671315491895967
0.867320015077271
0.8675084809649454
0.8676969468526197
0.867885412740294
0.8680738786279684
0.8682623445156427
0.868450810403317
0.8686392762909914
0.8688277421786657
0.86901620806634
0.8692046739540144
0.8693931398416886
0.8695816057293629
0.8697700716170373
0.8699585375047116
0.8701470033923859
0.8703354692800603
0.8705239351677346
0.8707124010554089
0.8709008669430833
0.8710893328307576
0.8712777987184319
0.8714662646061063
0.8716547304937806
0.8718431963814549
0.8720316622691293
0.8722201281568036
0.8724085940444779
0.8725970599321523
0.8727855258198266
0.8729739917075009
0.8731624575951753
0.8733509234828496
0.8735393893705239
0.8737278552581983
0.8739163211458726
0.8741047870335469
0.8742932529212213
0.8744817188088956
0.8746701846965699
0.8748586505842443
0.8750471164719186
0.8752355823595929
0.8754240482472673
0.8756125141349416
0.8758009800226159
0.8759894459102903
0.8761779117979646
0.8763663776856389
0.8765548435733133
0.8767433094609876
0.8769317753486618
0.8771202412363363
0.8773087071240105
0.8774971730116848
0.8776856388993592
0.8778741047870335
0.8780625706747078
0.8782510365623822
0.8784395024500565
0.8786279683377308
0.8788164342254052
0.8790049001130795
0.8791933660007538
0.8793818318884282
0.8795702977761025
0.8797587636637768
0.8799472295514512
0.8801356954391255
0.8803241613267998
0.8805126272144742
0.8807010931021485
0.8808895589898228
0.8810780248774972
0.8812664907651715
0.8814549566528458
0.8816434225405202
0.8818318884281945
0.8820203543158688
0.8822088202035432
0.8823972860912175
0.8825857519788918
0.8827742178665662
0.8829626837542405
0.8831511496419148
0.8833396155295892
0.8835280814172635
0.8837165473049378
0.8839050131926122
0.8840934790802865
0.8842819449679608
0.8844704108556352
0.8846588767433095
0.8848473426309837
0.8850358085186582
0.8852242744063324
0.8854127402940067
0.8856012061816811
0.8857896720693554
0.8859781379570297
0.8861666038447041
0.8863550697323784
0.8865435356200527
0.8867320015077271
0.8869204673954014
0.8871089332830757
0.8872973991707501
0.8874858650584244
0.8876743309460987
0.8878627968337731
0.8880512627214474
0.8882397286091217
0.8884281944967961
0.8886166603844704
0.8888051262721447
0.8889935921598191
0.8891820580474934
0.8893705239351677
0.8895589898228421
0.8897474557105164
0.8899359215981907
0.8901243874858651
0.8903128533735394
0.8905013192612137
0.8906897851488881
0.8908782510365624
0.8910667169242367
0.8912551828119111
0.8914436486995854
0.8916321145872597
0.8918205804749341
0.8920090463626084
0.8921975122502827
0.8923859781379571
0.8925744440256314
0.8927629099133056
0.89295137580098
0.8931398416886543
0.8933283075763286
0.893516773464003
0.8937052393516773
0.8938937052393516
0.894082171127026
0.8942706370147003
0.8944591029023746
0.894647568790049
0.8948360346777233
0.8950245005653976
0.895212966453072
0.8954014323407463
0.8955898982284206
0.895778364116095
0.8959668300037693
0.8961552958914436
0.896343761779118
0.8965322276667923
0.8967206935544666
0.896909159442141
0.8970976253298153
0.8972860912174896
0.897474557105164
0.8976630229928383
0.8978514888805126
0.898039954768187
0.8982284206558613
0.8984168865435356
0.89860535243121
0.8987938183188843
0.8989822842065586
0.899170750094233
0.8993592159819073
0.8995476818695816
0.899736147757256
0.8999246136449303
0.9001130795326046
0.900301545420279
0.9004900113079533
0.9006784771956275
0.900866943083302
0.9010554089709762
0.9012438748586505
0.901432340746325
0.9016208066339992
0.9018092725216735
0.9019977384093479
0.9021862042970222
0.9023746701846965
0.9025631360723709
0.9027516019600452
0.9029400678477195
0.9031285337353939
0.9033169996230682
0.9035054655107425
0.9036939313984169
0.9038823972860912
0.9040708631737655
0.9042593290614399
0.9044477949491142
0.9046362608367885
0.9048247267244629
0.9050131926121372
0.9052016584998115
0.9053901243874859
0.9055785902751602
0.9057670561628345
0.9059555220505089
0.9061439879381832
0.9063324538258575
0.9065209197135319
0.9067093856012062
0.9068978514888805
0.9070863173765549
0.9072747832642292
0.9074632491519035
0.9076517150395779
0.9078401809272522
0.9080286468149265
0.9082171127026009
0.9084055785902752
0.9085940444779494
0.9087825103656239
0.9089709762532981
0.9091594421409724
0.9093479080286468
0.9095363739163211
0.9097248398039954
0.9099133056916698
0.9101017715793441
0.9102902374670184
0.9104787033546928
0.9106671692423671
0.9108556351300414
0.9110441010177158
0.9112325669053901
0.9114210327930644
0.9116094986807388
0.9117979645684131
0.9119864304560874
0.9121748963437618
0.9123633622314361
0.9125518281191104
0.9127402940067848
0.9129287598944591
0.9131172257821334
0.9133056916698078
0.9134941575574821
0.9136826234451564
0.9138710893328308
0.9140595552205051
0.9142480211081794
0.9144364869958538
0.9146249528835281
0.9148134187712024
0.9150018846588768
0.9151903505465511
0.9153788164342254
0.9155672823218998
0.9157557482095741
0.9159442140972484
0.9161326799849228
0.916321145872597
0.9165096117602713
0.9166980776479458
0.91688654353562
0.9170750094232943
0.9172634753109687
0.917451941198643
0.9176404070863173
0.9178288729739917
0.918017338861666
0.9182058047493403
0.9183942706370147
0.918582736524689
0.9187712024123633
0.9189596683000377
0.919148134187712
0.9193366000753863
0.9195250659630607
0.919713531850735
0.9199019977384093
0.9200904636260837
0.920278929513758
0.9204673954014323
0.9206558612891067
0.920844327176781
0.9210327930644553
0.9212212589521297
0.921409724839804
0.9215981907274783
0.9217866566151527
0.921975122502827
0.9221635883905013
0.9223520542781757
0.92254052016585
0.9227289860535243
0.9229174519411987
0.923105917828873
0.9232943837165473
0.9234828496042217
0.923671315491896
0.9238597813795703
0.9240482472672447
0.924236713154919
0.9244251790425932
0.9246136449302677
0.924802110817942
0.9249905767056162
0.9251790425932906
0.9253675084809649
0.9255559743686392
0.9257444402563136
0.9259329061439879
0.9261213720316622
0.9263098379193366
0.9264983038070109
0.9266867696946852
0.9268752355823596
0.9270637014700339
0.9272521673577082
0.9274406332453826
0.9276290991330569
0.9278175650207312
0.9280060309084056
0.9281944967960799
0.9283829626837542
0.9285714285714286
0.9287598944591029
0.9289483603467772
0.9291368262344516
0.9293252921221259
0.9295137580098002
0.9297022238974746
0.9298906897851489
0.9300791556728232
0.9302676215604976
0.9304560874481719
0.9306445533358462
0.9308330192235206
0.9310214851111949
0.9312099509988692
0.9313984168865436
0.9315868827742179
0.9317753486618922
0.9319638145495666
0.9321522804372409
0.9323407463249151
0.9325292122125896
0.9327176781002638
0.9329061439879381
0.9330946098756125
0.9332830757632868
0.9334715416509611
0.9336600075386355
0.9338484734263098
0.9340369393139841
0.9342254052016585
0.9344138710893328
0.9346023369770071
0.9347908028646815
0.9349792687523558
0.9351677346400301
0.9353562005277045
0.9355446664153788
0.9357331323030531
0.9359215981907275
0.9361100640784018
0.9362985299660761
0.9364869958537505
0.9366754617414248
0.9368639276290991
0.9370523935167735
0.9372408594044478
0.9374293252921221
0.9376177911797965
0.9378062570674708
0.9379947229551451
0.9381831888428195
0.9383716547304938
0.9385601206181681
0.9387485865058425
0.9389370523935168
0.9391255182811911
0.9393139841688655
0.9395024500565398
0.9396909159442141
0.9398793818318885
0.9400678477195628
0.940256313607237
0.9404447794949115
0.9406332453825857
0.94082171127026
0.9410101771579344
0.9411986430456087
0.941387108933283
0.9415755748209574
0.9417640407086317
0.941952506596306
0.9421409724839804
0.9423294383716547
0.942517904259329
0.9427063701470034
0.9428948360346777
0.943083301922352
0.9432717678100264
0.9434602336977007
0.943648699585375
0.9438371654730494
0.9440256313607237
0.944214097248398
0.9444025631360724
0.9445910290237467
0.944779494911421
0.9449679607990954
0.9451564266867697
0.945344892574444
0.9455333584621184
0.9457218243497927
0.945910290237467
0.9460987561251414
0.9462872220128157
0.94647568790049
0.9466641537881644
0.9468526196758387
0.947041085563513
0.9472295514511874
0.9474180173388617
0.947606483226536
0.9477949491142104
0.9479834150018847
0.948171880889559
0.9483603467772334
0.9485488126649076
0.9487372785525819
0.9489257444402563
0.9491142103279306
0.9493026762156049
0.9494911421032793
0.9496796079909536
0.9498680738786279
0.9500565397663023
0.9502450056539766
0.9504334715416509
0.9506219374293253
0.9508104033169996
0.9509988692046739
0.9511873350923483
0.9513758009800226
0.9515642668676969
0.9517527327553713
0.9519411986430456
0.9521296645307199
0.9523181304183943
0.9525065963060686
0.9526950621937429
0.9528835280814173
0.9530719939690916
0.9532604598567659
0.9534489257444403
0.9536373916321146
0.9538258575197889
0.9540143234074633
0.9542027892951376
0.9543912551828119
0.9545797210704863
0.9547681869581606
0.9549566528458349
0.9551451187335093
0.9553335846211836
0.9555220505088579
0.9557105163965323
0.9558989822842066
0.9560874481718808
0.9562759140595553
0.9564643799472295
0.9566528458349038
0.9568413117225782
0.9570297776102525
0.9572182434979268
0.9574067093856012
0.9575951752732755
0.9577836411609498
0.9579721070486242
0.9581605729362985
0.9583490388239728
0.9585375047116472
0.9587259705993215
0.9589144364869958
0.9591029023746702
0.9592913682623445
0.9594798341500188
0.9596683000376932
0.9598567659253675
0.9600452318130418
0.9602336977007162
0.9604221635883905
0.9606106294760648
0.9607990953637392
0.9609875612514135
0.9611760271390878
0.9613644930267622
0.9615529589144365
0.9617414248021108
0.9619298906897852
0.9621183565774595
0.9623068224651338
0.9624952883528082
0.9626837542404825
0.9628722201281568
0.9630606860158312
0.9632491519035055
0.9634376177911798
0.9636260836788542
0.9638145495665285
0.9640030154542027
0.9641914813418772
0.9643799472295514
0.9645684131172257
0.9647568790049001
0.9649453448925744
0.9651338107802487
0.9653222766679231
0.9655107425555974
0.9656992084432717
0.9658876743309461
0.9660761402186204
0.9662646061062947
0.9664530719939691
0.9666415378816434
0.9668300037693177
0.9670184696569921
0.9672069355446664
0.9673954014323407
0.9675838673200151
0.9677723332076894
0.9679607990953637
0.9681492649830381
0.9683377308707124
0.9685261967583867
0.9687146626460611
0.9689031285337354
0.9690915944214097
0.9692800603090841
0.9694685261967584
0.9696569920844327
0.9698454579721071
0.9700339238597814
0.9702223897474557
0.9704108556351301
0.9705993215228044
0.9707877874104787
0.9709762532981531
0.9711647191858274
0.9713531850735017
0.9715416509611761
0.9717301168488504
0.9719185827365246
0.972107048624199
0.9722955145118733
0.9724839803995476
0.972672446287222
0.9728609121748963
0.9730493780625706
0.973237843950245
0.9734263098379193
0.9736147757255936
0.973803241613268
0.9739917075009423
0.9741801733886166
0.974368639276291
0.9745571051639653
0.9747455710516396
0.974934036939314
0.9751225028269883
0.9753109687146626
0.975499434602337
0.9756879004900113
0.9758763663776856
0.97606483226536
0.9762532981530343
0.9764417640407086
0.976630229928383
0.9768186958160573
0.9770071617037316
0.977195627591406
0.9773840934790803
0.9775725593667546
0.977761025254429
0.9779494911421033
0.9781379570297776
0.978326422917452
0.9785148888051263
0.9787033546928006
0.978891820580475
0.9790802864681493
0.9792687523558236
0.979457218243498
0.9796456841311723
0.9798341500188466
0.980022615906521
0.9802110817941952
0.9803995476818695
0.980588013569544
0.9807764794572182
0.9809649453448925
0.9811534112325669
0.9813418771202412
0.9815303430079155
0.9817188088955899
0.9819072747832642
0.9820957406709385
0.9822842065586129
0.9824726724462872
0.9826611383339615
0.9828496042216359
0.9830380701093102
0.9832265359969845
0.9834150018846589
0.9836034677723332
0.9837919336600075
0.9839803995476819
0.9841688654353562
0.9843573313230305
0.9845457972107049
0.9847342630983792
0.9849227289860535
0.9851111948737279
0.9852996607614022
0.9854881266490765
0.9856765925367509
0.9858650584244252
0.9860535243120995
0.9862419901997739
0.9864304560874482
0.9866189219751225
0.9868073878627969
0.9869958537504712
0.9871843196381455
0.9873727855258199
0.9875612514134942
0.9877497173011685
0.9879381831888429
0.9881266490765171
0.9883151149641914
0.9885035808518658
0.9886920467395401
0.9888805126272144
0.9890689785148888
0.9892574444025631
0.9894459102902374
0.9896343761779118
0.9898228420655861
0.9900113079532604
0.9901997738409348
0.9903882397286091
0.9905767056162834
0.9907651715039578
0.9909536373916321
0.9911421032793064
0.9913305691669808
0.9915190350546551
0.9917075009423294
0.9918959668300038
0.9920844327176781
0.9922728986053524
0.9924613644930268
0.9926498303807011
0.9928382962683754
0.9930267621560498
0.9932152280437241
0.9934036939313984
0.9935921598190728
0.9937806257067471
0.9939690915944214
0.9941575574820958
0.9943460233697701
0.9945344892574444
0.9947229551451188
0.9949114210327931
0.9950998869204674
0.9952883528081418
0.9954768186958161
0.9956652845834904
0.9958537504711648
0.996042216358839
0.9962306822465133
0.9964191481341877
0.996607614021862
0.9967960799095363
0.9969845457972107
0.997173011684885
0.9973614775725593
0.9975499434602337
0.997738409347908
0.9979268752355823
0.9981153411232567
0.998303807010931
0.9984922728986053
0.9986807387862797
0.998869204673954
0.9990576705616283
0.9992461364493027
0.999434602336977
0.9996230682246513
0.9998115341123257
1.0
